,2021-09-04,2021-09-05,2021-09-06,2021-09-07,2021-09-08,2021-09-09,2021-09-10,2021-09-11,2021-09-12,2021-09-13,2021-09-14,2021-09-15,2021-09-16,2021-09-17,2021-09-18,2021-09-19,2021-09-20,2021-09-21,2021-09-22,2021-09-23,2021-09-24,2021-09-25,2021-09-26,2021-09-27,2021-09-28,2021-09-29,2021-09-30,2021-10-01,2021-10-02,2021-10-03,2021-10-04
Close BTC,49935.29,51784.16,52693.32,46856.31,46073.45,46392.85,44853.1,45166.12,46049.72,44958.56,47129.01,48148.45,47764.47,47297.98,48312.46,47251.76,42925.46,40709.59,43576.15,44893.87,42848.41,42721.91,43201.79,42187.51,41056.79,41539.43,43829.34,48164.35,47669.02,48234.05,48694.3
Close ETH,3887.01,3952.33,3928.4,3433.48,3499.69,3424.24,3209.41,3266.43,3405.32,3285.4,3436.05,3615.22,3569.26,3398.82,3435.76,3328.85,2966.51,2760.2,3078.88,3154.62,2930.86,2925.34,3064.21,2927.73,2807.44,2850.87,3000.83,3310.63,3389.48,3420.14,3370.05
Close ATOM,24.42,25.76,25.12,21.01,20.63,26.83,29.37,27.28,35.05,35.77,34.17,34.05,37.18,33.43,40.71,44.24,33.71,30.38,39.81,41.5,42.59,39.49,39.87,37.23,33.69,33.85,36.22,37.88,38.62,38.77,37.25
Close AVAX,47.21,48.18,47.1,37.85,37.03,40.76,49.34,57.09,59.17,53.19,51.51,57.92,67.59,70.1,69.04,70.07,57.22,58.99,74.08,76.45,72.41,68.4,66.88,66.4,61.54,65.47,66.62,67.72,69.17,68.73,66.45
Close XRP,1.256,1.307,1.391,1.127,1.099,1.087,1.055,1.079,1.119,1.064,1.097,1.121,1.091,1.066,1.076,1.049,0.9208,0.8738,1.004,1.002,0.9449,0.9415,0.9448,0.9229,0.8939,0.9279,0.953,1.043,1.037,1.055,1.042
Close ADA,2.832,2.913,2.835,2.511,2.471,2.517,2.383,2.636,2.583,2.402,2.398,2.505,2.419,2.35,2.372,2.282,2.08,1.985,2.258,2.33,2.281,2.302,2.209,2.132,2.039,2.066,2.116,2.255,2.25,2.254,2.198
Close SOL,139.0,142.11,164.31,173.2,191.01,187.7,179.5,179.1,174.4,169.66,158.92,158.66,152.11,147.49,169.36,152.86,132.08,124.04,148.18,150.0,139.28,136.16,135.84,136.35,132.21,135.3,141.32,161.67,168.99,173.06,168.91
Close DOT,32.38,34.43,34.35,27.9,27.74,29.83,29.19,31.57,35.82,34.85,37.37,36.47,35.54,33.02,34.88,33.84,28.15,26.38,31.61,33.46,30.85,29.85,28.86,27.73,26.33,27.26,28.6,31.96,32.04,32.11,31.05
Close FIL,95.06,113.63,106.29,84.34,88.19,88.6,82.46,81.67,83.8,78.06,80.81,86.34,84.74,85.79,84.31,83.48,74.07,69.43,74.55,74.69,63.36,60.47,55.85,59.03,55.3,57.06,60.07,71.51,69.72,69.1,69.82
Close LUNA,31.4,34.54,32.31,27.82,29.48,30.6,43.39,39.24,39.24,37.23,35.72,36.73,37.47,34.45,34.81,32.94,27.5,25.13,33.23,36.21,40.2,37.87,34.72,36.86,33.17,34.18,38.88,37.81,41.59,42.73,48.9
Close LINK,29.9,33.57,34.82,28.2,27.16,27.98,26.38,27.0,29.44,26.96,30.83,30.7,29.81,27.71,28.39,27.39,23.46,21.4,24.48,25.44,23.28,24.52,24.63,23.03,22.09,22.86,24.0,26.32,26.93,27.58,26.68
Close BNB,497.71,504.69,496.32,418.26,414.95,421.29,401.39,404.98,416.93,399.03,414.71,431.27,424.3,406.51,410.63,408.56,363.86,344.24,379.09,383.86,355.23,349.82,344.16,335.81,333.28,367.46,387.47,421.58,427.4,430.64,422.78
Close XTZ,5.404,5.567,5.595,4.404,4.336,5.578,6.182,6.118,7.03,7.175,7.12,6.901,6.952,6.109,6.405,6.521,5.272,4.678,5.579,6.21,7.004,6.831,6.527,6.04,5.469,5.637,6.072,6.691,7.338,8.698,8.496
Close LTC,211.99,232.34,219.42,178.17,179.62,180.32,174.12,178.5,183.03,179.32,182.98,189.21,185.37,179.86,181.4,175.68,156.69,148.38,161.48,163.94,152.28,151.06,150.76,145.17,140.57,144.79,153.27,166.23,169.1,170.64,165.84
Close FTT,60.9,63.55,73.42,71.01,76.24,79.7,72.81,72.55,73.58,68.38,67.73,71.19,67.43,61.57,63.76,60.75,52.86,51.31,55.79,57.63,52.92,54.86,55.86,51.65,48.15,49.91,51.69,55.25,56.12,56.75,55.75
Close TRX,0.1016,0.1052,0.1038,0.08534,0.0927,0.09297,0.09076,0.09536,0.1126,0.1047,0.1182,0.1207,0.1161,0.1052,0.1059,0.1037,0.09129,0.08808,0.0988,0.09915,0.09238,0.09081,0.0881,0.08617,0.08322,0.08598,0.08954,0.0948,0.09355,0.095,0.09278
Close DOGE,0.2994,0.3145,0.3092,0.2547,0.2568,0.2525,0.2397,0.2411,0.2504,0.2359,0.2406,0.2477,0.2421,0.2398,0.2414,0.2329,0.2084,0.2007,0.2246,0.2246,0.2094,0.2085,0.2052,0.1998,0.1967,0.1986,0.2042,0.2229,0.2187,0.2218,0.2286
Close CELR,0.05477,0.05683,0.05637,0.04498,0.05792,0.06486,0.07436,0.06866,0.09174,0.07961,0.1787,0.1038,0.1036,0.1197,0.1216,0.1021,0.08843,0.09227,0.1059,0.1406,0.1777,0.1565,0.1641,0.1561,0.1552,0.147,0.135,0.145,0.144,0.1437,0.146
Close BCH,709.06,765.08,784.96,672.52,662.16,661.21,628.88,636.39,647.06,614.58,640.47,652.89,639.36,621.3,630.83,609.1,541.09,504.22,547.98,552.76,513.52,517.61,504.0,488.64,474.59,485.14,502.83,543.64,552.01,571.57,546.68
Close EOS,5.696,6.298,6.223,4.881,4.742,4.813,4.568,4.672,4.883,4.744,4.857,5.104,5.021,5.251,5.468,4.91,4.185,3.881,4.304,4.377,4.033,4.015,3.977,3.831,3.685,3.748,3.938,4.277,4.327,4.638,4.536
Close FTM,1.067,1.212,1.391,1.408,1.584,1.657,1.494,1.547,1.444,1.306,1.206,1.442,1.308,1.247,1.331,1.458,1.148,0.9833,1.25,1.262,1.201,1.243,1.182,1.28,1.173,1.2,1.205,1.418,1.46,1.468,1.421
Close OMG,7.18,8.976,9.029,7.616,8.041,8.76,8.171,9.163,9.474,8.575,8.984,9.088,8.966,8.487,8.807,9.67,10.19,8.516,9.563,9.866,9.156,8.925,9.089,9.325,8.93,10.33,12.45,12.81,15.55,16.54,16.91
Close ALGO,1.208,1.315,1.461,1.274,1.922,2.3,2.014,1.994,2.38,2.164,2.039,2.015,2.039,1.922,2.067,1.974,1.672,1.574,1.847,2.004,1.787,1.733,1.782,1.674,1.565,1.607,1.627,1.772,1.772,1.987,1.961
Close COTI,0.367,0.3703,0.3604,0.2914,0.3041,0.3002,0.3001,0.3089,0.3495,0.3048,0.3101,0.3264,0.3726,0.3912,0.4116,0.3676,0.3134,0.2951,0.3948,0.5625,0.4945,0.5588,0.5197,0.6109,0.5608,0.6468,0.6149,0.579,0.5814,0.5618,0.5382
Close ETC,68.86,73.58,73.56,59.26,58.66,58.86,56.28,57.05,58.12,55.74,57.12,59.19,57.99,56.63,57.21,55.35,48.9,45.79,51.27,51.35,47.71,47.42,47.26,45.43,45.08,45.57,47.08,51.93,53.28,53.72,52.15
Close DYDX,0.0,0.0,0.0,0.0,0.0,0.0,0.0,0.0,0.0,0.0,0.0,0.0,0.0,0.0,0.0,0.0,11.81,12.55,14.65,14.07,12.12,13.98,19.39,21.02,22.51,26.72,23.56,22.33,23.23,23.56,24.14
Close OKB,22.51,22.93,23.13,17.56,18.87,18.55,17.96,18.14,18.71,18.07,18.63,19.21,18.71,18.5,18.85,18.36,16.75,14.7,16.84,17.19,14.05,13.04,12.73,14.6,15.68,16.33,15.83,17.46,18.12,18.07,17.42
Close CELO,5.128,5.474,5.156,4.136,4.243,5.01,5.025,5.032,4.957,5.192,5.029,5.045,5.358,5.113,5.24,5.942,5.841,6.205,6.55,7.137,7.615,6.827,6.263,6.132,5.819,5.693,5.648,6.155,6.292,6.312,6.104
Close MATIC,1.74,1.681,1.644,1.36,1.333,1.368,1.303,1.315,1.328,1.247,1.319,1.416,1.383,1.421,1.365,1.314,1.134,1.046,1.231,1.225,1.127,1.122,1.125,1.085,1.05,1.099,1.126,1.266,1.295,1.326,1.273
Close SAND,0.9949,0.9777,0.96,0.7505,0.7882,0.8727,0.7812,0.8016,0.8133,0.7469,0.7928,0.8065,0.8208,0.7708,0.7784,0.7435,0.6327,0.5985,0.6948,0.7348,0.6797,0.6665,0.6555,0.6317,0.5919,0.6029,0.6697,0.8109,0.7856,0.868,0.8228
Close 1INCH,3.684,3.833,3.709,2.915,2.916,3.025,2.878,2.907,2.989,2.839,3.07,3.301,3.326,3.12,3.141,2.948,2.562,2.31,2.629,2.779,2.55,2.493,2.681,2.526,2.374,2.498,2.555,2.918,3.055,3.081,3.085
Close ZIL,0.1223,0.1329,0.1307,0.1014,0.1032,0.1083,0.1064,0.1069,0.1118,0.1025,0.1065,0.1111,0.112,0.1075,0.1084,0.1026,0.08701,0.08065,0.09183,0.09299,0.08485,0.08402,0.08315,0.0797,0.07514,0.08263,0.08573,0.09467,0.0966,0.09968,0.09817
Close REP,32.98,33.6,32.6,25.92,25.51,26.75,25.18,25.51,26.5,25.12,26.01,26.73,26.42,26.23,26.48,25.32,21.3,19.5,22.01,22.3,20.4,22.02,20.99,19.94,18.48,18.57,20.32,23.18,23.87,23.86,24.22
Close ELF,0.7786,0.649,0.8312,0.7653,0.8179,0.8937,0.8219,0.8019,0.8091,0.7208,0.7223,0.7512,0.7749,0.9993,0.9239,0.8485,0.8564,0.7477,0.8418,0.7792,0.711,0.6725,0.6429,0.6172,0.5657,0.5673,0.6326,0.6754,0.6664,0.6666,0.6741
Close MTL,4.169,4.13,4.099,3.242,3.354,3.489,3.209,3.358,3.412,3.218,3.334,3.526,3.43,3.406,3.529,3.648,2.99,2.807,3.091,3.13,2.849,2.917,2.804,2.724,2.698,2.713,2.914,3.184,3.225,3.297,3.359
Close LSK,4.175,4.577,4.537,3.587,3.566,3.574,3.381,3.551,3.627,3.46,3.581,3.797,3.609,3.514,3.58,3.605,2.962,2.757,3.073,3.099,2.928,2.899,3.006,2.642,2.557,2.594,3.007,3.166,3.134,3.2,3.287
Close DENT,0.006763,0.007075,0.006835,0.00515,0.00504,0.005102,0.00475,0.004769,0.00504,0.004665,0.004914,0.00517,0.00489,0.004724,0.004844,0.004727,0.003945,0.003643,0.00428,0.00429,0.003927,0.004183,0.003983,0.003865,0.004352,0.004162,0.004411,0.004834,0.005694,0.00578,0.005841
Close CVC,0.948,0.6256,0.6369,0.5067,0.5322,0.5813,0.527,0.5258,0.5196,0.4925,0.5051,0.5315,0.536,0.5501,0.537,0.4993,0.4202,0.3816,0.43,0.5307,0.4811,0.4565,0.4348,0.4144,0.3987,0.3969,0.4348,0.4775,0.4748,0.5183,0.5084
Close AR,53.28,49.98,57.07,47.37,54.87,64.9,62.61,61.11,59.91,54.22,55.52,57.25,53.02,48.91,49.76,49.76,40.31,37.05,46.93,52.35,47.52,45.03,43.2,40.93,38.38,40.66,43.38,48.89,58.3,57.45,55.0
Close ACH,0.09485,0.0902,0.09314,0.1011,0.08317,0.08073,0.07381,0.07694,0.07678,0.0755,0.07555,0.07662,0.07752,0.0773,0.08118,0.0848,0.07096,0.0692,0.07359,0.07399,0.06666,0.06785,0.06233,0.061,0.05977,0.06125,0.06291,0.07312,0.07076,0.07024,0.06604
Close XEM,0.2171,0.2422,0.2367,0.1901,0.1871,0.1916,0.1818,0.1834,0.188,0.1807,0.1855,0.19,0.1918,0.183,0.1844,0.1806,0.157,0.1439,0.1623,0.1622,0.1567,0.1541,0.1503,0.1461,0.1414,0.1476,0.1508,0.1606,0.1623,0.1647,0.1572
Close WBTC,49935.29,51784.16,52693.32,46903.17,46073.45,46392.85,44848.61,45161.6,46049.72,44949.57,47129.01,48196.6,47812.23,47297.98,48312.46,47237.58,42925.46,40701.45,43571.79,44880.4,42839.84,42713.37,43201.79,42183.29,41056.79,41539.43,43829.34,48164.35,47789.76,48234.05,48716.59
Close ICX,1.654,1.792,1.744,1.377,1.403,1.583,1.783,1.744,1.746,1.929,2.077,2.166,2.052,1.881,1.928,1.797,1.657,1.461,1.657,1.706,1.592,1.55,1.641,1.511,1.407,1.432,1.528,1.911,1.952,2.164,2.184
Close BAT,0.9204,0.984,0.9556,0.775,0.7684,0.8104,0.7617,0.7723,0.8098,0.7536,0.7815,0.7929,0.7749,0.7508,0.7554,0.739,0.6483,0.6056,0.6864,0.7023,0.6523,0.6435,0.6388,0.6068,0.5808,0.5942,0.6319,0.68,0.7089,0.73,0.7081
Close ZEN,103.52,108.02,105.65,81.86,80.77,88.42,79.08,80.62,84.36,80.48,85.49,108.62,102.52,93.84,95.66,92.47,75.98,68.39,78.87,78.25,67.87,67.63,65.97,65.26,63.23,65.01,69.12,75.33,75.17,77.9,75.14
Close ZRX,1.245,1.312,1.291,1.015,1.006,1.068,1.007,1.03,1.063,1.012,1.064,1.083,1.143,1.082,1.115,1.067,0.9037,0.8438,0.971,0.9956,0.9181,0.9074,0.8969,0.8523,0.8159,0.8334,0.9143,0.9806,0.9744,1.004,0.9744
Close RSR,0.04856,0.05113,0.0492,0.03921,0.03889,0.03887,0.03623,0.03637,0.03775,0.03567,0.03712,0.04075,0.04176,0.03925,0.03938,0.03702,0.03053,0.02792,0.0309,0.03619,0.03213,0.03144,0.03021,0.02865,0.02732,0.02826,0.03019,0.03352,0.03488,0.03682,0.03515
Close LTO,0.3231,0.3335,0.3494,0.2858,0.2944,0.3206,0.2942,0.3049,0.3044,0.2828,0.2936,0.3033,0.2985,0.281,0.2976,0.2934,0.243,0.2292,0.2601,0.2703,0.2451,0.285,0.2847,0.2573,0.2357,0.2393,0.2494,0.2688,0.2741,0.274,0.2663
Close UTK,0.4622,0.5023,0.5001,0.3997,0.4042,0.3986,0.3871,0.3854,0.3906,0.3683,0.3728,0.3962,0.3851,0.3596,0.4047,0.3975,0.3518,0.3166,0.3575,0.3909,0.3793,0.3709,0.3723,0.3443,0.3265,0.3307,0.34,0.3632,0.3623,0.366,0.3607
Close XMR,305.4,315.37,315.16,262.44,256.86,261.56,249.25,249.77,256.31,263.46,269.01,269.34,264.14,262.79,272.0,259.98,232.1,217.84,245.12,249.16,233.87,236.17,234.33,234.48,230.04,234.03,251.19,257.92,252.98,259.5,259.46
Close IOST,0.05885,0.06118,0.06415,0.05397,0.07878,0.08078,0.07452,0.07274,0.07304,0.06673,0.07439,0.07957,0.07303,0.06906,0.07019,0.06661,0.05559,0.05211,0.06567,0.06615,0.06073,0.05915,0.05859,0.0563,0.0525,0.05362,0.05465,0.05774,0.05623,0.05534,0.05307
Close MLN,111.12,114.27,120.73,100.47,103.09,109.92,102.13,108.88,109.02,102.28,125.74,126.8,119.72,112.03,120.46,123.66,103.22,158.18,153.64,143.19,130.75,137.08,162.16,147.41,138.63,138.11,138.82,143.52,142.58,139.68,138.93
Close VET,0.1449,0.1541,0.1501,0.1226,0.1184,0.1217,0.1126,0.1155,0.12,0.1126,0.1176,0.122,0.1166,0.1114,0.113,0.1082,0.0917,0.08571,0.0995,0.1017,0.0924,0.0901,0.0916,0.0863,0.0818,0.08447,0.09611,0.1083,0.1113,0.1105,0.1113
Close SRM,8.804,8.731,9.076,8.309,8.859,10.79,11.46,11.84,12.49,11.24,10.47,10.7,10.24,9.68,10.73,9.883,8.037,7.109,8.309,8.637,7.832,7.547,7.622,7.459,6.947,6.992,7.464,8.248,8.616,8.988,8.584
Close JST,0.08726,0.09138,0.09259,0.07451,0.07909,0.08355,0.0785,0.08258,0.09048,0.08299,0.09291,0.09439,0.09776,0.0884,0.08985,0.08548,0.07218,0.06688,0.07454,0.07505,0.06805,0.06646,0.06364,0.0616,0.05814,0.05947,0.06383,0.06896,0.06837,0.07069,0.06816
Close HBAR,0.3182,0.3075,0.3128,0.2707,0.3187,0.3304,0.3164,0.3634,0.4232,0.4316,0.4565,0.5051,0.4775,0.4258,0.4298,0.3968,0.3395,0.3055,0.3668,0.3831,0.3501,0.3417,0.3343,0.3194,0.3034,0.3104,0.3382,0.3651,0.3863,0.3995,0.4063
Close NEAR,6.079,6.142,6.091,8.659,10.36,9.752,9.926,9.051,8.957,8.209,8.62,9.245,8.727,8.31,9.068,10.06,7.666,6.697,7.791,9.176,7.978,7.626,7.305,6.898,6.417,6.65,6.929,7.827,7.813,8.036,8.13
Close AXS,82.44,82.34,79.06,64.03,68.0,69.11,65.44,68.79,69.93,64.96,66.64,68.76,67.31,65.84,66.15,63.69,54.9,50.53,61.73,67.32,68.25,65.32,63.79,63.76,69.09,69.38,74.63,110.37,107.81,137.6,139.12
Close SUSHI,13.1,14.29,13.62,10.89,11.31,11.0,10.13,10.57,11.87,11.08,13.2,15.17,14.92,12.52,12.69,12.05,10.26,9.216,10.52,10.64,9.674,9.522,11.42,10.01,9.677,9.501,10.16,10.83,10.9,10.82,10.46
Close MKR,3549.43,3721.77,3620.08,3044.71,3019.18,2933.13,2780.18,2843.46,2875.35,2810.38,2919.53,3063.75,2967.32,2789.14,2838.91,2769.22,2415.3,2284.26,2528.37,2490.55,2297.67,2261.6,2352.78,2247.58,2226.19,2230.39,2289.19,2444.07,2479.23,2542.42,2460.22
Close QTUM,14.14,16.12,15.65,12.51,12.41,13.31,12.75,12.78,13.44,12.52,12.86,13.08,12.71,12.46,12.57,12.14,10.4,9.299,10.79,10.94,9.947,9.712,9.505,9.243,8.664,9.054,10.41,11.59,13.8,13.95,13.6
Close EGLD,171.82,176.39,179.94,158.4,172.24,200.71,235.21,229.61,265.92,260.89,280.65,258.8,266.38,241.74,247.78,224.87,185.01,199.46,230.56,245.57,237.88,218.61,223.53,212.29,200.07,203.21,209.85,241.98,245.54,254.39,246.41
Close ZEC,160.09,172.86,171.2,136.01,135.23,137.52,128.01,128.36,131.38,127.68,133.71,139.92,137.98,134.18,138.69,133.53,118.49,111.53,121.32,122.65,110.63,110.91,111.12,104.58,100.75,103.64,106.94,114.87,114.21,118.9,116.48
Close DASH,251.77,264.15,255.72,206.53,201.71,202.46,192.96,193.81,203.91,196.51,205.58,208.58,208.29,198.79,199.39,192.83,169.53,157.22,175.48,184.65,165.69,164.61,162.14,153.6,147.31,152.57,166.07,176.96,177.61,178.03,175.08
Close REN,0.8418,0.8491,0.8049,0.6745,0.6688,0.7289,0.7091,0.705,0.7304,0.6657,0.8236,1.083,0.9944,0.9412,0.9757,0.8899,0.7439,0.7124,0.8345,0.9101,1.119,1.021,1.161,1.026,0.9266,0.921,0.9396,1.045,1.225,1.212,1.184
Close NEO,57.97,65.82,63.65,49.76,49.07,50.52,48.07,48.96,51.58,48.42,51.79,52.53,50.63,48.72,49.67,48.1,41.43,37.43,42.94,43.87,39.79,39.09,38.71,37.37,35.84,37.03,39.16,42.31,42.35,44.46,43.24
Close KAVA,8.057,7.997,7.83,6.148,6.224,6.741,6.333,6.281,6.804,6.283,6.392,6.48,6.402,6.125,6.276,6.012,5.135,4.68,5.507,6.066,6.348,5.894,5.645,5.562,5.11,5.088,5.39,5.84,6.071,6.555,6.211
Close FET,0.7035,0.6708,0.8098,0.9063,0.8912,0.8967,0.791,0.9495,0.873,0.8938,0.9097,0.9522,0.9092,0.8297,0.8348,0.7652,0.6785,0.6018,0.7407,0.8465,0.8139,0.8352,0.8116,0.7366,0.6841,0.6975,0.7224,0.7887,0.8028,0.7962,0.7602
Close CHZ,0.417,0.4252,0.4475,0.3426,0.3371,0.3464,0.3293,0.3328,0.3379,0.3217,0.3366,0.3471,0.3375,0.3253,0.3288,0.3162,0.2699,0.2534,0.2913,0.2958,0.2719,0.2666,0.2638,0.2544,0.2443,0.2493,0.2618,0.2873,0.2834,0.2873,0.2819
Close CRV,2.273,2.482,2.488,1.99,1.985,2.382,2.145,2.271,2.429,2.364,2.792,3.014,3.107,2.804,2.885,3.043,2.392,2.199,2.451,2.79,2.43,2.311,2.546,2.37,2.228,2.289,2.335,2.536,2.538,2.813,2.748
Close RVN,0.1554,0.1525,0.1447,0.1176,0.1204,0.1201,0.1148,0.1176,0.1202,0.1142,0.118,0.1205,0.1175,0.1128,0.1138,0.1121,0.09486,0.08996,0.107,0.1064,0.09818,0.1037,0.09939,0.0959,0.09099,0.09196,0.09619,0.1065,0.1104,0.1112,0.1095
Close GRT,0.9504,1.024,1.065,0.8318,0.8228,0.8553,0.8081,0.8747,0.9237,0.8402,0.8588,0.9083,0.8565,0.8186,0.835,0.8127,0.6944,0.6569,0.7446,0.7341,0.6929,0.6831,0.6733,0.6615,0.6284,0.6337,0.646,0.7067,0.7269,0.7371,0.717
Close NULS,0.6456,0.6798,0.6875,0.5452,0.5355,0.5445,0.5071,0.552,0.5721,0.5289,0.5429,0.5531,0.5283,0.5064,0.5222,0.5193,0.445,0.4113,0.4464,0.4637,0.4191,0.5269,0.4535,0.4245,0.4043,0.4105,0.4714,0.4635,0.461,0.4686,0.4518
Close SHIB,7.46e-06,7.55e-06,7.22e-06,5.97e-06,6.7e-06,7.32e-06,7.01e-06,6.76e-06,6.9e-06,6.5e-06,6.66e-06,6.79e-06,8.69e-06,8.45e-06,7.83e-06,8.11e-06,7.02e-06,6.88e-06,7.25e-06,7.65e-06,7.39e-06,7.33e-06,7.13e-06,6.98e-06,6.97e-06,7.03e-06,7.2e-06,7.71e-06,7.88e-06,8.57e-06,1.14e-05
Close MANA,1.055,1.079,1.044,0.834,0.8522,0.8712,0.817,0.8316,0.8461,0.8197,0.8443,0.8613,0.8414,0.8169,0.8229,0.7995,0.6757,0.612,0.7335,0.764,0.702,0.6926,0.7118,0.6622,0.6203,0.6456,0.6892,0.7538,0.7521,0.768,0.7941
Close AAVE,397.95,416.93,408.96,345.37,330.34,330.0,312.02,328.74,333.31,330.79,384.21,415.14,384.29,354.02,355.37,340.08,290.14,271.43,301.99,309.07,280.89,274.49,294.07,273.63,260.98,265.02,276.48,302.55,314.27,310.52,305.76
Close KSM,398.03,402.49,395.15,329.65,340.14,388.82,384.71,418.92,434.85,404.94,417.42,429.34,409.48,388.77,419.31,400.45,332.15,305.88,349.13,358.71,332.91,327.76,324.59,315.67,317.69,322.97,331.37,348.56,353.2,346.46,335.65
Close CAKE,24.13,24.46,24.57,20.82,20.13,20.52,19.05,19.63,20.43,19.44,20.85,22.59,22.32,21.32,22.42,22.77,19.09,17.9,20.23,20.08,18.85,18.5,18.66,18.45,18.12,18.53,18.9,19.97,19.98,19.71,19.43
Close MIOTA,1.984,1.806,1.801,1.514,1.518,1.566,1.537,1.505,1.513,1.403,1.564,1.608,1.526,1.731,1.658,1.533,1.299,1.214,1.357,1.387,1.262,1.224,1.175,1.14,1.047,1.04,1.147,1.319,1.268,1.212,1.212
Close FLOW,25.76,26.69,25.89,21.42,21.03,21.48,20.08,20.4,20.75,19.64,22.73,22.05,21.18,20.6,20.74,20.15,17.5,15.72,17.57,18.35,16.78,16.61,15.68,15.58,15.22,15.13,15.84,17.65,18.63,19.16,20.66
Close ONT,1.226,1.323,1.287,0.9906,0.9936,1.028,0.9547,0.9823,1.015,0.9592,1.015,1.049,1.015,0.998,1.013,0.9736,0.836,0.7812,0.8729,0.9001,0.8232,0.8072,0.7849,0.7485,0.7124,0.7308,0.777,0.8455,0.8445,0.9046,0.8591
Close RUNE,10.33,10.35,11.68,9.527,9.008,9.066,8.493,8.57,9.124,8.387,9.293,10.15,10.05,9.677,9.924,9.096,7.409,6.708,7.738,9.111,7.923,7.28,7.223,6.931,6.618,6.519,6.987,7.962,8.242,8.738,9.195
Close ENJ,2.096,2.195,2.181,1.754,1.727,1.789,1.645,1.678,1.71,1.627,1.68,1.768,1.681,1.633,1.646,1.57,1.333,1.223,1.414,1.479,1.343,1.334,1.329,1.264,1.203,1.225,1.308,1.523,1.506,1.551,1.599
Close WAVES,30.51,29.53,29.2,27.15,27.45,31.2,29.1,30.45,32.13,29.96,29.83,30.5,30.97,28.81,29.01,27.46,22.94,22.37,24.67,25.13,25.57,24.28,23.64,22.72,22.95,23.17,24.28,26.15,26.31,27.09,26.6
Close ROSE,0.1378,0.1704,0.2403,0.2816,0.2525,0.2566,0.2148,0.285,0.2542,0.2369,0.2418,0.2528,0.2512,0.2332,0.2406,0.2339,0.1859,0.1596,0.1922,0.1926,0.1705,0.1722,0.1642,0.1569,0.1478,0.1458,0.1563,0.1975,0.1915,0.1908,0.186
Close SXP,3.706,3.854,3.822,2.708,2.765,2.871,2.707,2.768,2.82,2.604,2.693,2.891,2.754,2.631,2.648,2.497,2.169,2.019,2.305,2.378,2.178,2.118,2.094,2.069,1.996,2.066,2.183,2.372,2.383,2.446,2.343
Close SNX,12.36,12.94,13.58,10.72,11.07,11.32,10.55,10.82,10.96,12.87,13.8,15.02,14.62,12.78,12.58,12.82,10.55,9.518,10.93,11.75,10.53,10.18,10.47,9.833,9.309,9.291,9.605,10.49,10.79,10.7,10.5
Close COMP,471.19,511.27,509.27,411.14,409.46,411.4,391.54,397.68,403.64,384.95,447.19,442.91,422.08,400.06,401.35,393.21,336.22,311.98,347.65,374.27,341.12,331.29,355.19,338.27,319.63,306.56,318.04,326.7,337.69,326.63,317.2
Close YFI,41494.1,42924.31,42189.97,34577.01,34646.55,34293.46,32807.18,32965.13,33266.24,32767.89,35709.65,36533.75,34779.88,33242.48,33935.41,32974.77,29363.9,27287.93,30505.76,31302.16,29311.58,30277.13,30412.31,28647.04,28211.06,28575.98,29206.72,31681.01,31947.28,31361.68,30649.4
Close ONE,0.1245,0.1326,0.1302,0.1195,0.1421,0.1992,0.1717,0.1791,0.2164,0.1843,0.1721,0.1727,0.1635,0.1527,0.166,0.1566,0.128,0.1209,0.1368,0.1589,0.1508,0.1626,0.1782,0.1578,0.1461,0.144,0.1505,0.1596,0.1634,0.181,0.1847
Close IOTX,0.08077,0.08339,0.07912,0.06149,0.06478,0.06609,0.06168,0.06223,0.06562,0.06088,0.06254,0.0663,0.0656,0.06397,0.06435,0.06218,0.05331,0.04952,0.05554,0.05704,0.05179,0.0669,0.0656,0.06014,0.05629,0.06027,0.06038,0.06396,0.06305,0.06417,0.06324
Close UNI,28.58,29.37,28.84,24.28,23.13,23.3,22.32,22.72,23.71,22.67,25.65,27.47,26.25,24.29,24.54,23.89,20.8,18.99,21.64,21.49,19.67,19.48,24.12,22.41,23.09,23.01,23.53,25.65,26.15,26.02,25.25
Close HT,15.37,16.33,17.25,14.34,14.51,14.72,13.9,14.19,14.67,14.18,14.56,14.83,14.48,14.37,14.47,14.16,11.77,11.38,12.49,12.5,9.543,8.993,7.085,7.351,7.47,7.927,8.152,8.76,8.303,8.128,8.055
Close BTT,0.004797,0.004921,0.004868,0.003999,0.004096,0.004065,0.003847,0.003904,0.004156,0.003915,0.004057,0.004125,0.004038,0.003908,0.003936,0.003866,0.003349,0.003146,0.0035,0.003516,0.003291,0.003253,0.003177,0.003126,0.002984,0.003022,0.003161,0.003407,0.003433,0.003556,0.003409
Close XLM,0.3699,0.398,0.4238,0.3353,0.3298,0.3326,0.3168,0.325,0.3329,0.3187,0.3312,0.3411,0.3308,0.3193,0.3222,0.3135,0.2808,0.2659,0.2927,0.303,0.2813,0.2773,0.2764,0.2651,0.2566,0.2697,0.2788,0.3005,0.3167,0.315,0.3039
Close BSV,187.11,192.64,192.49,156.31,156.47,155.83,151.2,154.02,155.05,149.89,154.49,157.54,156.19,156.04,157.26,155.88,134.4,138.58,147.2,146.71,134.33,134.66,129.52,127.49,124.44,126.74,129.52,139.77,138.91,145.38,144.73
Close THETA,7.514,8.197,9.224,6.991,6.807,6.982,6.451,6.445,6.586,6.131,6.46,6.869,6.66,6.312,6.366,6.098,5.135,5.001,5.573,5.707,5.185,5.102,5.102,4.922,4.688,4.827,5.05,5.986,6.06,6.115,5.965
Close ICP,78.15,79.39,79.46,61.15,61.55,60.77,56.92,58.04,59.54,55.07,56.88,61.39,57.94,56.43,58.72,57.06,47.35,44.57,49.91,50.53,47.01,45.84,43.79,42.5,40.89,44.35,45.13,51.61,49.61,50.3,48.88
Close PUNDIX,2.041,2.095,2.111,1.649,1.629,1.694,1.55,1.577,1.601,1.506,1.56,1.612,1.585,1.548,1.632,1.631,1.336,1.202,1.331,1.374,1.264,1.257,1.278,1.209,1.109,1.163,1.229,1.456,1.443,1.508,1.451
