,2021-09-02,2021-09-03,2021-09-04,2021-09-05,2021-09-06,2021-09-07,2021-09-08,2021-09-09,2021-09-10,2021-09-11,2021-09-12,2021-09-13,2021-09-14,2021-09-15,2021-09-16,2021-09-17,2021-09-18,2021-09-19,2021-09-20,2021-09-21,2021-09-22,2021-09-23,2021-09-24,2021-09-25,2021-09-26,2021-09-27,2021-09-28,2021-09-29,2021-09-30,2021-10-01,2021-10-02
Open ONE,0.1226,0.1194,0.122,0.1245,0.1326,0.1302,0.1195,0.1421,0.1992,0.1717,0.1791,0.2164,0.1843,0.1721,0.1727,0.1635,0.1527,0.166,0.1566,0.128,0.1209,0.1368,0.1589,0.1508,0.1626,0.1782,0.1578,0.1461,0.144,0.1505,0.1596
High ONE,0.1257,0.1264,0.1309,0.1338,0.1342,0.1583,0.1555,0.205,0.2069,0.2087,0.2228,0.2289,0.1886,0.18,0.1792,0.1647,0.1766,0.1692,0.1571,0.1467,0.1398,0.1599,0.1592,0.1773,0.1825,0.1804,0.1629,0.1579,0.1545,0.162,0.172
Low ONE,0.1189,0.1166,0.1202,0.1244,0.124,0.0964,0.1168,0.1372,0.1598,0.166,0.175,0.174,0.1666,0.168,0.1571,0.1492,0.1491,0.1528,0.12,0.1176,0.1179,0.1296,0.1269,0.1483,0.1482,0.157,0.1445,0.14,0.1429,0.147,0.1542
Open ONE,0.1226,0.1194,0.122,0.1245,0.1326,0.1302,0.1195,0.1421,0.1992,0.1717,0.1791,0.2164,0.1843,0.1721,0.1727,0.1635,0.1527,0.166,0.1566,0.128,0.1209,0.1368,0.1589,0.1508,0.1626,0.1782,0.1578,0.1461,0.144,0.1505,0.1596
High ONE,0.1257,0.1264,0.1309,0.1338,0.1342,0.1583,0.1555,0.205,0.2069,0.2087,0.2228,0.2289,0.1886,0.18,0.1792,0.1647,0.1766,0.1692,0.1571,0.1467,0.1398,0.1599,0.1592,0.1773,0.1825,0.1804,0.1629,0.1579,0.1545,0.162,0.172
Low ONE,0.1189,0.1166,0.1202,0.1244,0.124,0.0964,0.1168,0.1372,0.1598,0.166,0.175,0.174,0.1666,0.168,0.1571,0.1492,0.1491,0.1528,0.12,0.1176,0.1179,0.1296,0.1269,0.1483,0.1482,0.157,0.1445,0.14,0.1429,0.147,0.1542
Open ETH,3829.18,3787.7,3939.79,3887.01,3952.33,3928.4,3433.48,3499.69,3424.24,3209.41,3266.43,3405.32,3285.4,3436.05,3615.22,3569.26,3398.82,3435.76,3328.85,2966.51,2760.2,3078.88,3154.62,2930.86,2925.34,3064.21,2927.73,2807.44,2850.87,3000.83,3310.63
High ETH,3837.51,4026.86,3969.89,3982.63,3971.74,3947.45,3560.94,3567.91,3513.41,3347.75,3471.17,3429.17,3437.3,3617.68,3673.8,3593.71,3541.73,3456.34,3344.34,3103.63,3090.16,3177.43,3160.27,2968.99,3116.4,3166.17,2970.52,2949.74,3048.78,3334.03,3344.49
Low ETH,3724.1,3712.13,3835.04,3835.93,3872.94,3170.57,3217.86,3395.5,3149.58,3201.4,3232.65,3121.17,3272.39,3361.88,3484.59,3354.35,3370.5,3282.08,2926.56,2677.64,2738.86,3037.12,2745.73,2805.35,2742.73,2925.7,2791.15,2784.02,2838.28,2969.29,3260.49
Open ATOM,25.41,24.17,24.12,24.42,25.76,25.12,21.01,20.63,26.83,29.37,27.28,35.05,35.77,34.17,34.05,37.18,33.43,40.71,44.24,33.71,30.38,39.81,41.5,42.59,39.49,39.87,37.23,33.69,33.85,36.22,37.88
High ATOM,25.74,24.93,25.46,26.2,27.08,27.42,21.87,28.42,30.44,30.85,35.22,38.84,37.81,35.31,37.2,38.01,41.42,44.54,44.73,37.15,40.17,43.41,44.44,43.1,41.68,40.74,37.86,36.61,36.28,38.58,39.46
Low ATOM,23.54,23.18,23.77,23.83,23.87,17.66,18.53,20.45,24.62,26.74,26.01,30.34,32.78,32.69,31.27,32.54,32.72,37.81,33.3,28.86,29.38,38.84,35.92,38.82,35.5,36.64,33.37,32.61,33.48,34.78,37.19
Open AVAX,42.49,47.66,45.89,47.21,48.18,47.1,37.85,37.03,40.76,49.34,57.09,59.17,53.19,51.51,57.92,67.59,70.1,69.04,70.07,57.22,58.99,74.08,76.45,72.41,68.4,66.88,66.4,61.54,65.47,66.62,67.56
High AVAX,47.85,52.67,49.49,50.4,52.28,41.91,38.41,44.81,49.56,59.12,66.31,59.21,59.76,58.16,68.3,71.23,75.13,75.51,63.87,62.33,74.65,80.72,75.58,72.37,71.02,70.28,67.09,69.04,70.0,73.31,67.96
Low AVAX,41.5,45.02,44.29,47.33,45.74,33.67,34.32,36.74,39.19,47.83,54.98,49.81,49.67,51.52,56.74,60.4,67.83,65.49,55.46,52.27,61.97,74.16,68.51,67.97,65.19,64.21,61.38,61.6,65.31,66.76,65.86
Open XRP,1.237,1.254,1.291,1.256,1.307,1.391,1.127,1.099,1.087,1.055,1.079,1.119,1.064,1.097,1.121,1.091,1.066,1.076,1.049,0.9208,0.8738,1.004,1.002,0.9449,0.9415,0.9448,0.9229,0.8939,0.9279,0.953,1.043
High XRP,1.295,1.322,1.297,1.312,1.415,1.392,1.148,1.15,1.243,1.112,1.126,1.126,1.098,1.13,1.13,1.103,1.094,1.084,1.05,0.959,1.008,1.017,1.003,0.9567,0.957,0.9816,0.9431,0.991,0.9635,1.066,1.043
Low XRP,1.223,1.222,1.237,1.238,1.307,0.9589,1.017,1.076,1.031,1.052,1.059,1.027,1.058,1.08,1.067,1.052,1.058,1.04,0.8775,0.8593,0.869,0.9693,0.888,0.9184,0.8936,0.9213,0.8918,0.8878,0.9228,0.9452,1.009
Open ADA,2.87,2.963,2.968,2.832,2.913,2.835,2.511,2.471,2.517,2.383,2.636,2.583,2.402,2.398,2.505,2.419,2.35,2.372,2.282,2.08,1.985,2.258,2.33,2.281,2.302,2.209,2.132,2.039,2.066,2.116,2.255
High ADA,3.097,3.032,2.968,2.957,2.928,2.875,2.564,2.622,2.585,2.796,2.786,2.591,2.437,2.582,2.517,2.441,2.437,2.396,2.292,2.227,2.268,2.344,2.344,2.457,2.302,2.275,2.173,2.144,2.136,2.275,2.256
Low ADA,2.838,2.906,2.805,2.826,2.806,2.041,2.199,2.393,2.278,2.369,2.505,2.316,2.324,2.361,2.383,2.315,2.313,2.263,1.973,1.915,1.97,2.182,2.072,2.24,2.152,2.131,2.031,2.022,2.055,2.094,2.196
Open SOL,110.73,128.29,146.46,139.0,142.11,164.31,173.2,191.01,187.7,179.5,179.1,174.4,169.66,158.92,158.66,152.11,147.49,169.36,152.86,132.08,124.04,148.18,150.0,139.28,136.16,135.84,136.35,132.21,135.3,141.32,161.67
High SOL,132.08,148.91,150.67,144.99,166.06,194.96,197.94,215.85,197.27,193.33,181.57,174.96,171.84,166.95,163.09,153.4,171.55,170.98,153.41,144.61,151.98,152.44,151.29,144.07,140.82,148.96,139.41,140.12,142.94,165.0,161.74
Low SOL,109.37,128.21,136.03,134.85,137.68,131.78,146.72,179.4,168.1,174.55,167.49,150.49,142.51,153.95,147.43,134.25,144.27,150.73,130.49,116.01,122.14,143.03,128.52,133.58,124.9,133.81,128.14,131.13,134.11,138.31,156.24
Open DOT,33.2,31.82,33.59,32.38,34.43,34.35,27.9,27.74,29.83,29.19,31.57,35.82,34.85,37.37,36.47,35.54,33.02,34.88,33.84,28.15,26.38,31.61,33.46,30.85,29.85,28.86,27.73,26.33,27.26,28.6,31.96
High DOT,33.2,33.98,34.14,34.76,35.02,35.66,28.85,31.84,32.65,32.08,36.48,38.01,38.77,38.04,36.95,36.94,35.89,34.88,33.91,30.35,31.99,33.61,33.53,32.22,30.01,30.24,28.37,28.57,28.97,32.32,32.7
Low DOT,31.37,31.04,32.06,32.03,32.53,23.63,25.27,27.02,28.02,28.29,30.67,31.7,34.09,35.59,34.09,32.23,32.54,33.06,26.71,25.52,25.94,30.4,28.0,29.47,26.78,27.62,26.16,26.12,27.13,28.5,31.55
Open FIL,78.65,77.41,77.67,95.06,113.63,106.29,84.34,88.19,88.6,82.46,81.67,83.8,78.06,80.81,86.34,84.74,85.79,84.31,83.48,74.07,69.43,74.55,74.69,63.36,60.47,55.85,59.03,55.3,57.06,60.07,71.51
High FIL,79.6,79.2,96.65,120.25,118.55,110.85,93.94,94.13,91.77,84.97,87.03,84.56,81.88,87.45,90.62,86.67,87.35,85.16,83.66,76.59,75.01,75.58,74.96,63.92,60.69,63.06,59.57,58.51,61.18,73.31,73.02
Low FIL,77.07,75.77,77.52,91.95,103.94,72.96,76.01,85.14,78.81,80.19,80.73,73.05,77.49,80.17,82.28,80.61,82.67,81.59,71.5,68.25,68.67,71.88,60.25,58.84,50.02,54.77,55.1,55.24,56.84,59.64,68.55
Open LUNA,31.75,32.82,31.71,31.4,34.54,32.31,27.82,29.48,30.6,43.39,39.24,39.24,37.23,35.72,36.73,37.47,34.45,34.81,32.94,27.5,25.13,33.23,36.21,40.2,37.87,34.72,36.86,33.17,34.18,38.88,37.81
High LUNA,33.83,33.81,32.44,35.24,35.07,32.59,32.09,31.46,43.99,44.52,43.48,39.59,37.92,37.62,39.77,39.17,36.35,36.45,33.02,29.44,33.56,36.83,41.24,40.93,37.93,39.52,37.24,36.29,38.95,39.97,38.62
Low LUNA,31.38,31.0,31.0,31.13,30.58,22.96,24.97,28.28,30.57,37.61,37.91,33.91,34.66,34.99,35.24,34.1,34.13,32.06,26.32,24.02,25.12,32.5,32.7,36.38,33.69,33.84,33.02,33.07,33.87,36.53,37.16
Open LINK,29.74,29.97,30.78,29.9,33.57,34.82,28.2,27.16,27.98,26.38,27.0,29.44,26.96,30.83,30.7,29.81,27.71,28.39,27.39,23.46,21.4,24.48,25.44,23.28,24.52,24.63,23.03,22.09,22.86,24.0,26.32
High LINK,30.88,31.75,31.16,33.63,36.34,35.34,29.2,30.17,29.54,27.71,29.74,29.89,30.85,31.44,32.11,30.13,29.46,28.79,27.41,24.36,24.51,25.48,25.5,24.7,25.37,25.47,23.73,23.92,24.38,26.7,26.65
Low LINK,28.78,29.1,29.45,29.56,32.59,24.84,25.18,26.48,25.64,26.28,26.39,25.36,26.74,29.61,29.05,27.38,27.41,26.93,23.07,20.84,21.04,23.42,21.41,22.06,22.45,23.0,22.0,22.02,22.73,23.6,25.85
Open BNB,489.87,483.69,488.64,497.71,504.69,496.23,418.26,414.95,421.29,401.39,404.98,416.93,399.03,414.64,431.2,424.3,406.51,410.63,408.56,363.86,344.24,379.09,383.86,355.23,349.82,344.16,335.81,333.28,367.46,387.47,421.58
High BNB,506.61,498.39,506.84,536.48,517.08,504.99,425.38,436.19,439.39,415.11,421.67,419.65,414.73,437.28,433.12,425.95,419.72,419.03,409.78,375.68,379.98,384.82,385.35,360.87,352.72,357.54,344.5,375.23,388.61,423.54,426.37
Low BNB,478.02,483.79,484.97,489.1,495.21,356.55,382.92,403.77,393.8,399.67,397.8,385.24,396.04,419.81,415.79,400.74,401.59,402.99,353.99,336.86,342.46,369.33,334.15,343.97,319.95,335.5,330.03,331.48,366.28,381.42,411.0
Open XTZ,5.422,5.298,5.312,5.404,5.567,5.595,4.404,4.336,5.578,6.182,6.118,7.03,7.175,7.12,6.901,6.952,6.109,6.405,6.521,5.272,4.678,5.579,6.21,7.004,6.831,6.527,6.04,5.469,5.637,6.072,6.691
High XTZ,5.442,5.483,5.596,5.596,5.766,5.712,4.514,5.687,6.853,6.946,7.228,7.886,7.99,7.639,7.039,6.971,6.727,6.937,6.553,5.528,5.625,6.588,7.394,7.5,7.079,6.675,6.268,6.075,6.091,6.851,7.286
Low XTZ,5.215,5.121,5.244,5.269,5.405,3.934,3.906,4.264,5.32,6.05,5.91,6.345,6.841,6.734,6.464,6.047,5.909,6.115,5.09,4.488,4.515,5.509,5.807,6.791,6.433,6.01,5.432,5.347,5.593,6.012,6.528
Open LTC,180.89,183.45,213.18,211.99,232.34,219.42,178.17,179.62,180.32,174.12,178.5,183.03,179.32,182.98,189.21,185.37,179.86,181.4,175.68,156.69,148.38,161.48,163.94,152.28,151.06,150.76,145.17,140.57,144.79,153.27,166.23
High LTC,187.92,217.74,225.14,232.47,232.4,221.97,188.61,188.57,187.25,185.96,185.98,233.83,188.05,191.79,195.2,190.27,185.8,181.63,175.96,162.21,161.82,164.92,166.21,155.95,153.46,154.97,148.83,150.31,154.37,168.13,168.8
Low LTC,179.47,179.95,208.66,210.71,215.64,165.86,169.51,176.83,170.99,173.43,175.29,170.88,176.32,179.88,181.65,177.91,178.06,172.77,153.75,144.89,145.5,157.36,142.03,149.02,142.44,145.0,140.14,139.89,144.02,151.02,164.66
Open FTT,65.14,60.19,63.6,60.9,63.55,73.42,71.01,76.24,79.7,72.81,72.55,73.58,68.38,67.73,71.19,67.43,61.57,63.76,60.75,52.86,51.31,55.79,57.63,52.92,54.86,55.86,51.65,48.15,49.91,51.69,55.25
High FTT,70.07,67.6,65.48,65.0,77.33,83.33,78.76,84.75,83.81,77.08,78.0,74.2,69.24,72.93,71.62,68.21,66.49,64.1,60.92,58.48,58.24,60.91,57.84,56.0,59.23,57.9,53.09,52.3,52.88,56.41,55.48
Low FTT,59.14,57.97,60.64,59.4,62.21,61.8,61.88,73.13,69.51,71.83,70.92,64.47,65.64,66.49,66.0,58.69,61.31,59.89,50.8,48.0,50.64,54.56,49.0,50.6,49.81,51.62,47.93,47.95,49.71,50.93,53.28
Open TRX,0.09503,0.09963,0.1015,0.1016,0.1052,0.1038,0.08534,0.0927,0.09297,0.09076,0.09536,0.1126,0.1047,0.1182,0.1207,0.1161,0.1052,0.1059,0.1037,0.09129,0.08808,0.0988,0.09915,0.09238,0.09081,0.0881,0.08617,0.08322,0.08598,0.08954,0.0948
High TRX,0.1019,0.1057,0.1034,0.1052,0.1072,0.1059,0.09638,0.09458,0.09563,0.09687,0.1177,0.1167,0.1199,0.1227,0.1222,0.1204,0.109,0.1074,0.1038,0.09554,0.09886,0.1007,0.09935,0.09379,0.09094,0.0906,0.0873,0.08795,0.08966,0.09481,0.09485
Low TRX,0.09449,0.09782,0.09943,0.1011,0.1012,0.07918,0.08361,0.09038,0.08656,0.09054,0.09398,0.09952,0.1043,0.1134,0.1122,0.1037,0.1036,0.1026,0.08975,0.08726,0.08692,0.09627,0.08661,0.08957,0.08396,0.08615,0.08318,0.0829,0.0857,0.08871,0.09251
Open DOGE,0.2946,0.2947,0.2962,0.2994,0.3145,0.3092,0.2547,0.2568,0.2525,0.2397,0.2411,0.2504,0.2359,0.2406,0.2477,0.2421,0.2398,0.2414,0.2329,0.2084,0.2007,0.2246,0.2246,0.2094,0.2085,0.2052,0.1998,0.1967,0.1986,0.2042,0.2229
High DOGE,0.3096,0.3047,0.3088,0.3156,0.3199,0.3113,0.2632,0.2596,0.2619,0.2479,0.255,0.2521,0.2416,0.2482,0.2479,0.2597,0.2474,0.2417,0.2334,0.2183,0.2303,0.2271,0.2289,0.2126,0.2089,0.2094,0.2026,0.2041,0.2058,0.2252,0.2234
Low DOGE,0.2921,0.2874,0.2934,0.2965,0.3003,0.2151,0.2337,0.2489,0.2355,0.2379,0.2389,0.2285,0.2338,0.2391,0.2331,0.2376,0.2381,0.2309,0.1994,0.1979,0.2,0.2179,0.1969,0.2046,0.1942,0.1997,0.1962,0.1948,0.1977,0.2018,0.2153
Open CELR,0.05839,0.05382,0.05748,0.05477,0.05683,0.05744,0.04762,0.05792,0.06486,0.07436,0.06866,0.09174,0.07961,0.1787,0.09389,0.1036,0.1124,0.1131,0.1021,0.105,0.09227,0.1059,0.1406,0.1777,0.1565,0.1676,0.1561,0.1532,0.147,0.1385,0.145
High CELR,0.05822,0.06,0.05741,0.05683,0.06285,0.05857,0.08305,0.06859,0.07436,0.07568,0.09174,0.09064,0.1787,0.188,0.1156,0.122,0.1481,0.1162,0.09272,0.09771,0.1059,0.1461,0.2005,0.187,0.2076,0.1763,0.1716,0.1604,0.1547,0.1618,0.1602
Low CELR,0.05261,0.05338,0.05162,0.05375,0.05637,0.04311,0.04854,0.05243,0.05777,0.06866,0.07158,0.07961,0.08326,0.1038,0.08932,0.1022,0.1136,0.09923,0.07941,0.09167,0.1029,0.1085,0.1223,0.1565,0.1625,0.1531,0.1482,0.1465,0.135,0.1411,0.1405
Open BCH,656.04,664.68,713.69,709.06,765.08,784.96,672.52,662.16,661.21,628.39,636.47,647.06,614.58,640.95,653.17,639.36,621.3,630.83,609.1,541.09,504.22,547.98,552.76,513.52,517.61,504.0,488.64,474.59,485.14,502.83,543.64
High BCH,674.16,721.42,734.59,767.34,802.35,787.93,679.58,673.29,673.85,639.55,655.18,660.03,642.72,655.3,655.16,647.59,638.27,647.13,609.36,551.9,548.21,553.95,556.35,523.25,519.81,515.34,499.18,498.06,505.96,544.67,548.77
Low BCH,653.58,651.45,697.85,699.29,741.99,586.38,644.79,656.28,618.58,629.16,623.74,592.82,609.44,643.74,626.6,613.4,615.08,603.16,531.34,497.93,497.0,533.02,479.63,502.6,482.22,488.34,473.11,471.94,482.23,500.87,538.04
Open EOS,5.313,5.259,5.674,5.696,6.298,6.223,4.881,4.742,4.813,4.568,4.672,4.883,4.744,4.857,5.104,5.021,5.251,5.468,4.91,4.185,3.881,4.304,4.377,4.033,4.015,3.977,3.831,3.685,3.748,3.938,4.277
High EOS,5.389,5.741,5.886,6.329,6.423,6.256,4.965,4.949,5.052,4.788,4.945,4.946,4.879,5.155,5.184,5.515,5.499,5.506,4.929,4.309,4.342,4.39,4.391,4.098,4.257,4.113,3.959,3.869,3.949,4.292,4.332
Low EOS,5.177,5.132,5.557,5.525,5.903,4.366,4.425,4.659,4.459,4.553,4.577,4.491,4.707,4.774,4.878,4.952,5.105,4.859,4.088,3.79,3.81,4.196,3.79,3.909,3.678,3.827,3.657,3.639,3.726,3.909,4.196
Open FTM,0.8688,0.8496,0.9763,1.067,1.212,1.391,1.408,1.848,1.657,1.494,1.547,1.444,1.306,1.206,1.442,1.308,1.247,1.331,1.458,1.148,0.9833,1.25,1.262,1.201,1.243,1.182,1.28,1.173,1.2,1.205,1.418
High FTM,0.9284,0.9834,1.175,1.276,1.47,1.69,1.666,1.882,1.767,1.688,1.555,1.455,1.332,1.524,1.48,1.399,1.432,1.494,1.488,1.223,1.268,1.294,1.271,1.378,1.259,1.356,1.385,1.289,1.267,1.439,1.43
Low FTM,0.8261,0.8502,0.9605,1.035,1.202,1.208,1.323,1.635,1.417,1.436,1.383,1.223,1.133,1.193,1.265,1.231,1.226,1.283,1.05,0.9422,0.9708,1.165,1.041,1.184,1.091,1.156,1.163,1.153,1.187,1.198,1.363
Open OMG,6.77,6.78,6.953,7.18,8.976,9.029,7.616,8.041,8.76,8.171,9.163,9.474,8.575,8.984,9.088,8.966,8.487,8.807,9.67,10.19,8.516,9.563,9.866,9.156,8.925,9.089,9.325,8.93,10.33,12.45,12.81
High OMG,6.962,7.105,7.279,9.136,10.23,9.716,8.494,9.312,9.525,9.569,10.03,9.711,9.017,9.093,9.298,8.968,8.962,10.13,11.32,11.41,9.769,10.09,9.913,9.278,9.387,9.678,9.839,10.58,12.48,13.47,13.82
Low OMG,6.579,6.562,6.822,7.073,8.368,6.519,6.658,8.022,7.742,8.085,8.761,8.04,8.182,8.564,8.567,8.133,8.307,8.538,7.805,8.386,8.28,9.211,8.417,8.517,8.008,8.793,8.757,8.723,10.26,12.08,12.57
Open ALGO,1.16,1.145,1.22,1.208,1.315,1.461,1.274,1.922,2.3,2.014,1.994,2.38,2.164,2.039,2.015,2.039,1.922,2.067,1.974,1.672,1.574,1.847,2.004,1.787,1.733,1.782,1.674,1.565,1.607,1.627,1.772
High ALGO,1.179,1.271,1.24,1.351,1.489,1.515,1.931,2.486,2.427,2.29,2.47,2.549,2.274,2.092,2.224,2.16,2.129,2.154,1.976,1.824,1.898,2.053,2.007,1.817,1.782,1.858,1.721,1.749,1.663,1.816,1.777
Low ALGO,1.125,1.109,1.191,1.183,1.294,1.061,1.235,1.907,1.838,1.959,1.9,1.975,1.982,1.997,1.863,1.894,1.894,1.943,1.549,1.522,1.546,1.788,1.685,1.695,1.568,1.67,1.554,1.551,1.572,1.596,1.712
Open COTI,0.3365,0.34,0.3376,0.367,0.3703,0.3604,0.2914,0.3041,0.3002,0.3001,0.3089,0.3495,0.3048,0.3101,0.3264,0.3726,0.3912,0.4116,0.3676,0.3134,0.2951,0.3948,0.5625,0.4945,0.5588,0.5197,0.6109,0.5608,0.6427,0.6149,0.579
High COTI,0.3479,0.3506,0.398,0.3863,0.3984,0.3219,0.3059,0.3164,0.3351,0.3202,0.3569,0.3439,0.3271,0.3394,0.3802,0.4195,0.4512,0.4078,0.3395,0.3375,0.4166,0.6115,0.5677,0.672,0.5927,0.6307,0.6335,0.6667,0.6428,0.6216,0.62
Low COTI,0.3267,0.3341,0.3356,0.3656,0.3499,0.2568,0.2677,0.2918,0.2902,0.2936,0.3131,0.294,0.304,0.3134,0.3152,0.35,0.3976,0.3657,0.2979,0.2899,0.3085,0.387,0.4838,0.4866,0.5089,0.4666,0.5469,0.5666,0.5826,0.5733,0.555
Open ETC,68.78,67.6,70.03,68.86,73.58,73.56,59.26,58.66,58.86,56.28,57.05,58.12,55.74,57.12,59.19,57.99,56.63,57.21,55.35,48.9,45.79,51.27,51.35,47.71,47.42,47.26,45.43,45.08,45.57,47.08,51.93
High ETC,70.17,72.39,71.23,73.96,77.28,73.87,61.43,60.39,60.36,58.32,58.92,58.33,57.26,59.33,60.02,59.0,58.36,57.21,55.41,50.42,51.32,51.57,51.87,49.58,48.3,48.42,48.72,46.84,47.32,52.53,55.22
Low ETC,66.49,66.07,68.08,68.17,71.38,50.93,53.39,57.42,54.95,55.58,56.12,53.63,55.16,56.3,56.82,56.09,55.75,54.83,47.33,44.73,44.94,49.53,44.26,46.27,44.13,45.37,44.88,44.73,45.35,46.65,51.22
Open DYDX,0.0,0.0,0.0,0.0,0.0,0.0,0.0,0.0,0.0,0.0,0.0,0.0,0.0,0.0,0.0,0.0,0.0,0.0,12.3,11.81,12.55,14.65,14.07,12.12,13.98,19.39,21.02,22.51,26.72,23.56,22.33
High DYDX,0.0,0.0,0.0,0.0,0.0,0.0,0.0,0.0,0.0,0.0,0.0,0.0,0.0,0.0,0.0,0.0,0.0,0.0,13.18,13.67,14.99,14.95,14.11,14.33,19.69,22.87,23.63,26.93,27.86,25.1,24.36
Low DYDX,0.0,0.0,0.0,0.0,0.0,0.0,0.0,0.0,0.0,0.0,0.0,0.0,0.0,0.0,0.0,0.0,0.0,0.0,11.24,10.4,12.29,13.13,10.86,11.47,12.85,18.75,18.73,21.8,23.12,21.34,21.76
Open OKB,22.53,21.65,22.24,22.51,22.93,23.13,17.56,18.87,18.55,17.96,18.14,18.71,18.07,18.63,19.21,18.71,18.5,18.85,18.36,16.75,14.7,16.84,17.19,14.06,13.04,12.73,14.6,15.66,16.33,15.83,17.46
High OKB,22.84,22.37,23.12,24.2,24.32,20.71,18.87,19.16,18.26,18.32,18.88,18.54,19.01,19.45,19.2,18.77,19.16,18.53,17.05,16.57,17.43,17.71,16.44,14.08,16.41,14.95,16.99,16.66,17.27,17.6,18.8
Low OKB,21.0,21.56,21.74,22.73,19.61,17.31,16.67,16.89,16.33,17.86,18.35,17.02,18.48,18.76,18.49,18.28,18.62,18.1,15.15,13.8,14.96,17.01,13.93,12.55,10.59,11.99,13.55,15.49,15.38,12.85,16.89
Open CELO,5.806,5.615,5.31,5.128,5.474,5.156,4.136,4.243,5.01,5.025,5.032,4.957,5.192,5.029,5.045,5.358,5.113,5.24,5.942,5.841,6.205,6.55,7.137,7.615,6.827,6.263,6.132,5.819,5.693,5.648,6.155
High CELO,5.978,5.696,5.62,6.688,5.56,5.179,4.739,5.35,5.713,5.472,5.335,5.349,5.661,5.444,5.499,5.358,5.553,6.221,6.546,7.52,6.859,7.879,8.266,7.792,6.834,7.0,6.268,6.17,5.877,6.32,6.377
Low CELO,5.535,5.281,5.12,5.063,5.101,3.811,3.887,4.093,4.7,4.846,4.857,4.242,4.984,4.847,4.919,4.998,5.012,5.11,5.141,5.492,5.68,6.257,6.207,6.75,5.75,6.1,5.801,5.505,5.574,5.606,6.021
Open MATIC,1.47,1.446,1.457,1.74,1.681,1.644,1.36,1.333,1.368,1.303,1.315,1.328,1.247,1.319,1.416,1.383,1.421,1.365,1.314,1.134,1.046,1.231,1.225,1.127,1.122,1.125,1.085,1.05,1.099,1.126,1.266
High MATIC,1.519,1.498,1.744,1.797,1.718,1.697,1.382,1.492,1.465,1.372,1.372,1.349,1.346,1.421,1.497,1.44,1.439,1.372,1.318,1.187,1.235,1.245,1.23,1.145,1.167,1.169,1.112,1.112,1.149,1.277,1.27
Low MATIC,1.432,1.405,1.447,1.635,1.571,1.116,1.186,1.283,1.268,1.277,1.288,1.201,1.236,1.318,1.349,1.302,1.337,1.302,1.099,1.017,1.03,1.178,1.056,1.085,1.033,1.083,1.046,1.045,1.094,1.126,1.224
Open ONE,0.1226,0.1194,0.122,0.1245,0.1326,0.1302,0.1195,0.1421,0.1992,0.1717,0.1791,0.2164,0.1843,0.1721,0.1727,0.1635,0.1527,0.166,0.1566,0.128,0.1209,0.1368,0.1589,0.1508,0.1626,0.1782,0.1578,0.1461,0.144,0.1505,0.1596
High ONE,0.1257,0.1264,0.1309,0.1338,0.1342,0.1583,0.1555,0.205,0.2069,0.2087,0.2228,0.2289,0.1886,0.18,0.1792,0.1647,0.1766,0.1692,0.1571,0.1467,0.1398,0.1599,0.1592,0.1773,0.1825,0.1804,0.1629,0.1579,0.1545,0.162,0.172
Low ONE,0.1189,0.1166,0.1202,0.1244,0.124,0.0964,0.1168,0.1372,0.1598,0.166,0.175,0.174,0.1666,0.168,0.1571,0.1492,0.1491,0.1528,0.12,0.1176,0.1179,0.1296,0.1269,0.1483,0.1482,0.157,0.1445,0.14,0.1429,0.147,0.1542
Open ETH,3829.18,3787.7,3939.79,3887.01,3952.33,3928.4,3433.48,3499.69,3424.24,3209.41,3266.43,3405.32,3285.4,3436.05,3615.22,3569.26,3398.82,3435.76,3328.85,2966.51,2760.2,3078.88,3154.62,2930.86,2925.34,3064.21,2927.73,2807.44,2850.87,3000.83,3310.63
High ETH,3837.51,4026.86,3969.89,3982.63,3971.74,3947.45,3560.94,3567.91,3513.41,3347.75,3471.17,3429.17,3437.3,3617.68,3673.8,3593.71,3541.73,3456.34,3344.34,3103.63,3090.16,3177.43,3160.27,2968.99,3116.4,3166.17,2970.52,2949.74,3048.78,3334.03,3344.49
Low ETH,3724.1,3712.13,3835.04,3835.93,3872.94,3170.57,3217.86,3395.5,3149.58,3201.4,3232.65,3121.17,3272.39,3361.88,3484.59,3354.35,3370.5,3282.08,2926.56,2677.64,2738.86,3037.12,2745.73,2805.35,2742.73,2925.7,2791.15,2784.02,2838.28,2969.29,3260.49
Open ATOM,25.41,24.17,24.12,24.42,25.76,25.12,21.01,20.63,26.83,29.37,27.28,35.05,35.77,34.17,34.05,37.18,33.43,40.71,44.24,33.71,30.38,39.81,41.5,42.59,39.49,39.87,37.23,33.69,33.85,36.22,37.88
High ATOM,25.74,24.93,25.46,26.2,27.08,27.42,21.87,28.42,30.44,30.85,35.22,38.84,37.81,35.31,37.2,38.01,41.42,44.54,44.73,37.15,40.17,43.41,44.44,43.1,41.68,40.74,37.86,36.61,36.28,38.58,39.46
Low ATOM,23.54,23.18,23.77,23.83,23.87,17.66,18.53,20.45,24.62,26.74,26.01,30.34,32.78,32.69,31.27,32.54,32.72,37.81,33.3,28.86,29.38,38.84,35.92,38.82,35.5,36.64,33.37,32.61,33.48,34.78,37.19
Open AVAX,42.49,47.66,45.89,47.21,48.18,47.1,37.85,37.03,40.76,49.34,57.09,59.17,53.19,51.51,57.92,67.59,70.1,69.04,70.07,57.22,58.99,74.08,76.45,72.41,68.4,66.88,66.4,61.54,65.47,66.62,67.56
High AVAX,47.85,52.67,49.49,50.4,52.28,41.91,38.41,44.81,49.56,59.12,66.31,59.21,59.76,58.16,68.3,71.23,75.13,75.51,63.87,62.33,74.65,80.72,75.58,72.37,71.02,70.28,67.09,69.04,70.0,73.31,67.96
Low AVAX,41.5,45.02,44.29,47.33,45.74,33.67,34.32,36.74,39.19,47.83,54.98,49.81,49.67,51.52,56.74,60.4,67.83,65.49,55.46,52.27,61.97,74.16,68.51,67.97,65.19,64.21,61.38,61.6,65.31,66.76,65.86
Open XRP,1.237,1.254,1.291,1.256,1.307,1.391,1.127,1.099,1.087,1.055,1.079,1.119,1.064,1.097,1.121,1.091,1.066,1.076,1.049,0.9208,0.8738,1.004,1.002,0.9449,0.9415,0.9448,0.9229,0.8939,0.9279,0.953,1.043
High XRP,1.295,1.322,1.297,1.312,1.415,1.392,1.148,1.15,1.243,1.112,1.126,1.126,1.098,1.13,1.13,1.103,1.094,1.084,1.05,0.959,1.008,1.017,1.003,0.9567,0.957,0.9816,0.9431,0.991,0.9635,1.066,1.043
Low XRP,1.223,1.222,1.237,1.238,1.307,0.9589,1.017,1.076,1.031,1.052,1.059,1.027,1.058,1.08,1.067,1.052,1.058,1.04,0.8775,0.8593,0.869,0.9693,0.888,0.9184,0.8936,0.9213,0.8918,0.8878,0.9228,0.9452,1.009
Open ADA,2.87,2.963,2.968,2.832,2.913,2.835,2.511,2.471,2.517,2.383,2.636,2.583,2.402,2.398,2.505,2.419,2.35,2.372,2.282,2.08,1.985,2.258,2.33,2.281,2.302,2.209,2.132,2.039,2.066,2.116,2.255
High ADA,3.097,3.032,2.968,2.957,2.928,2.875,2.564,2.622,2.585,2.796,2.786,2.591,2.437,2.582,2.517,2.441,2.437,2.396,2.292,2.227,2.268,2.344,2.344,2.457,2.302,2.275,2.173,2.144,2.136,2.275,2.256
Low ADA,2.838,2.906,2.805,2.826,2.806,2.041,2.199,2.393,2.278,2.369,2.505,2.316,2.324,2.361,2.383,2.315,2.313,2.263,1.973,1.915,1.97,2.182,2.072,2.24,2.152,2.131,2.031,2.022,2.055,2.094,2.196
Open SOL,110.73,128.29,146.46,139.0,142.11,164.31,173.2,191.01,187.7,179.5,179.1,174.4,169.66,158.92,158.66,152.11,147.49,169.36,152.86,132.08,124.04,148.18,150.0,139.28,136.16,135.84,136.35,132.21,135.3,141.32,161.67
High SOL,132.08,148.91,150.67,144.99,166.06,194.96,197.94,215.85,197.27,193.33,181.57,174.96,171.84,166.95,163.09,153.4,171.55,170.98,153.41,144.61,151.98,152.44,151.29,144.07,140.82,148.96,139.41,140.12,142.94,165.0,161.74
Low SOL,109.37,128.21,136.03,134.85,137.68,131.78,146.72,179.4,168.1,174.55,167.49,150.49,142.51,153.95,147.43,134.25,144.27,150.73,130.49,116.01,122.14,143.03,128.52,133.58,124.9,133.81,128.14,131.13,134.11,138.31,156.24
Open DOT,33.2,31.82,33.59,32.38,34.43,34.35,27.9,27.74,29.83,29.19,31.57,35.82,34.85,37.37,36.47,35.54,33.02,34.88,33.84,28.15,26.38,31.61,33.46,30.85,29.85,28.86,27.73,26.33,27.26,28.6,31.96
High DOT,33.2,33.98,34.14,34.76,35.02,35.66,28.85,31.84,32.65,32.08,36.48,38.01,38.77,38.04,36.95,36.94,35.89,34.88,33.91,30.35,31.99,33.61,33.53,32.22,30.01,30.24,28.37,28.57,28.97,32.32,32.7
Low DOT,31.37,31.04,32.06,32.03,32.53,23.63,25.27,27.02,28.02,28.29,30.67,31.7,34.09,35.59,34.09,32.23,32.54,33.06,26.71,25.52,25.94,30.4,28.0,29.47,26.78,27.62,26.16,26.12,27.13,28.5,31.55
Open FIL,78.65,77.41,77.67,95.06,113.63,106.29,84.34,88.19,88.6,82.46,81.67,83.8,78.06,80.81,86.34,84.74,85.79,84.31,83.48,74.07,69.43,74.55,74.69,63.36,60.47,55.85,59.03,55.3,57.06,60.07,71.51
High FIL,79.6,79.2,96.65,120.25,118.55,110.85,93.94,94.13,91.77,84.97,87.03,84.56,81.88,87.45,90.62,86.67,87.35,85.16,83.66,76.59,75.01,75.58,74.96,63.92,60.69,63.06,59.57,58.51,61.18,73.31,73.02
Low FIL,77.07,75.77,77.52,91.95,103.94,72.96,76.01,85.14,78.81,80.19,80.73,73.05,77.49,80.17,82.28,80.61,82.67,81.59,71.5,68.25,68.67,71.88,60.25,58.84,50.02,54.77,55.1,55.24,56.84,59.64,68.55
Open LUNA,31.75,32.82,31.71,31.4,34.54,32.31,27.82,29.48,30.6,43.39,39.24,39.24,37.23,35.72,36.73,37.47,34.45,34.81,32.94,27.5,25.13,33.23,36.21,40.2,37.87,34.72,36.86,33.17,34.18,38.88,37.81
High LUNA,33.83,33.81,32.44,35.24,35.07,32.59,32.09,31.46,43.99,44.52,43.48,39.59,37.92,37.62,39.77,39.17,36.35,36.45,33.02,29.44,33.56,36.83,41.24,40.93,37.93,39.52,37.24,36.29,38.95,39.97,38.62
Low LUNA,31.38,31.0,31.0,31.13,30.58,22.96,24.97,28.28,30.57,37.61,37.91,33.91,34.66,34.99,35.24,34.1,34.13,32.06,26.32,24.02,25.12,32.5,32.7,36.38,33.69,33.84,33.02,33.07,33.87,36.53,37.16
Open LINK,29.74,29.97,30.78,29.9,33.57,34.82,28.2,27.16,27.98,26.38,27.0,29.44,26.96,30.83,30.7,29.81,27.71,28.39,27.39,23.46,21.4,24.48,25.44,23.28,24.52,24.63,23.03,22.09,22.86,24.0,26.32
High LINK,30.88,31.75,31.16,33.63,36.34,35.34,29.2,30.17,29.54,27.71,29.74,29.89,30.85,31.44,32.11,30.13,29.46,28.79,27.41,24.36,24.51,25.48,25.5,24.7,25.37,25.47,23.73,23.92,24.38,26.7,26.65
Low LINK,28.78,29.1,29.45,29.56,32.59,24.84,25.18,26.48,25.64,26.28,26.39,25.36,26.74,29.61,29.05,27.38,27.41,26.93,23.07,20.84,21.04,23.42,21.41,22.06,22.45,23.0,22.0,22.02,22.73,23.6,25.85
Open BNB,489.87,483.69,488.64,497.71,504.69,496.23,418.26,414.95,421.29,401.39,404.98,416.93,399.03,414.64,431.2,424.3,406.51,410.63,408.56,363.86,344.24,379.09,383.86,355.23,349.82,344.16,335.81,333.28,367.46,387.47,421.58
High BNB,506.61,498.39,506.84,536.48,517.08,504.99,425.38,436.19,439.39,415.11,421.67,419.65,414.73,437.28,433.12,425.95,419.72,419.03,409.78,375.68,379.98,384.82,385.35,360.87,352.72,357.54,344.5,375.23,388.61,423.54,426.37
Low BNB,478.02,483.79,484.97,489.1,495.21,356.55,382.92,403.77,393.8,399.67,397.8,385.24,396.04,419.81,415.79,400.74,401.59,402.99,353.99,336.86,342.46,369.33,334.15,343.97,319.95,335.5,330.03,331.48,366.28,381.42,411.0
Open XTZ,5.422,5.298,5.312,5.404,5.567,5.595,4.404,4.336,5.578,6.182,6.118,7.03,7.175,7.12,6.901,6.952,6.109,6.405,6.521,5.272,4.678,5.579,6.21,7.004,6.831,6.527,6.04,5.469,5.637,6.072,6.691
High XTZ,5.442,5.483,5.596,5.596,5.766,5.712,4.514,5.687,6.853,6.946,7.228,7.886,7.99,7.639,7.039,6.971,6.727,6.937,6.553,5.528,5.625,6.588,7.394,7.5,7.079,6.675,6.268,6.075,6.091,6.851,7.286
Low XTZ,5.215,5.121,5.244,5.269,5.405,3.934,3.906,4.264,5.32,6.05,5.91,6.345,6.841,6.734,6.464,6.047,5.909,6.115,5.09,4.488,4.515,5.509,5.807,6.791,6.433,6.01,5.432,5.347,5.593,6.012,6.528
Open LTC,180.89,183.45,213.18,211.99,232.34,219.42,178.17,179.62,180.32,174.12,178.5,183.03,179.32,182.98,189.21,185.37,179.86,181.4,175.68,156.69,148.38,161.48,163.94,152.28,151.06,150.76,145.17,140.57,144.79,153.27,166.23
High LTC,187.92,217.74,225.14,232.47,232.4,221.97,188.61,188.57,187.25,185.96,185.98,233.83,188.05,191.79,195.2,190.27,185.8,181.63,175.96,162.21,161.82,164.92,166.21,155.95,153.46,154.97,148.83,150.31,154.37,168.13,168.8
Low LTC,179.47,179.95,208.66,210.71,215.64,165.86,169.51,176.83,170.99,173.43,175.29,170.88,176.32,179.88,181.65,177.91,178.06,172.77,153.75,144.89,145.5,157.36,142.03,149.02,142.44,145.0,140.14,139.89,144.02,151.02,164.66
Open FTT,65.14,60.19,63.6,60.9,63.55,73.42,71.01,76.24,79.7,72.81,72.55,73.58,68.38,67.73,71.19,67.43,61.57,63.76,60.75,52.86,51.31,55.79,57.63,52.92,54.86,55.86,51.65,48.15,49.91,51.69,55.25
High FTT,70.07,67.6,65.48,65.0,77.33,83.33,78.76,84.75,83.81,77.08,78.0,74.2,69.24,72.93,71.62,68.21,66.49,64.1,60.92,58.48,58.24,60.91,57.84,56.0,59.23,57.9,53.09,52.3,52.88,56.41,55.48
Low FTT,59.14,57.97,60.64,59.4,62.21,61.8,61.88,73.13,69.51,71.83,70.92,64.47,65.64,66.49,66.0,58.69,61.31,59.89,50.8,48.0,50.64,54.56,49.0,50.6,49.81,51.62,47.93,47.95,49.71,50.93,53.28
Open TRX,0.09503,0.09963,0.1015,0.1016,0.1052,0.1038,0.08534,0.0927,0.09297,0.09076,0.09536,0.1126,0.1047,0.1182,0.1207,0.1161,0.1052,0.1059,0.1037,0.09129,0.08808,0.0988,0.09915,0.09238,0.09081,0.0881,0.08617,0.08322,0.08598,0.08954,0.0948
High TRX,0.1019,0.1057,0.1034,0.1052,0.1072,0.1059,0.09638,0.09458,0.09563,0.09687,0.1177,0.1167,0.1199,0.1227,0.1222,0.1204,0.109,0.1074,0.1038,0.09554,0.09886,0.1007,0.09935,0.09379,0.09094,0.0906,0.0873,0.08795,0.08966,0.09481,0.09485
Low TRX,0.09449,0.09782,0.09943,0.1011,0.1012,0.07918,0.08361,0.09038,0.08656,0.09054,0.09398,0.09952,0.1043,0.1134,0.1122,0.1037,0.1036,0.1026,0.08975,0.08726,0.08692,0.09627,0.08661,0.08957,0.08396,0.08615,0.08318,0.0829,0.0857,0.08871,0.09251
Open DOGE,0.2946,0.2947,0.2962,0.2994,0.3145,0.3092,0.2547,0.2568,0.2525,0.2397,0.2411,0.2504,0.2359,0.2406,0.2477,0.2421,0.2398,0.2414,0.2329,0.2084,0.2007,0.2246,0.2246,0.2094,0.2085,0.2052,0.1998,0.1967,0.1986,0.2042,0.2229
High DOGE,0.3096,0.3047,0.3088,0.3156,0.3199,0.3113,0.2632,0.2596,0.2619,0.2479,0.255,0.2521,0.2416,0.2482,0.2479,0.2597,0.2474,0.2417,0.2334,0.2183,0.2303,0.2271,0.2289,0.2126,0.2089,0.2094,0.2026,0.2041,0.2058,0.2252,0.2234
Low DOGE,0.2921,0.2874,0.2934,0.2965,0.3003,0.2151,0.2337,0.2489,0.2355,0.2379,0.2389,0.2285,0.2338,0.2391,0.2331,0.2376,0.2381,0.2309,0.1994,0.1979,0.2,0.2179,0.1969,0.2046,0.1942,0.1997,0.1962,0.1948,0.1977,0.2018,0.2153
Open CELR,0.05839,0.05382,0.05748,0.05477,0.05683,0.05744,0.04762,0.05792,0.06486,0.07436,0.06866,0.09174,0.07961,0.1787,0.09389,0.1036,0.1124,0.1131,0.1021,0.105,0.09227,0.1059,0.1406,0.1777,0.1565,0.1676,0.1561,0.1532,0.147,0.1385,0.145
High CELR,0.05822,0.06,0.05741,0.05683,0.06285,0.05857,0.08305,0.06859,0.07436,0.07568,0.09174,0.09064,0.1787,0.188,0.1156,0.122,0.1481,0.1162,0.09272,0.09771,0.1059,0.1461,0.2005,0.187,0.2076,0.1763,0.1716,0.1604,0.1547,0.1618,0.1602
Low CELR,0.05261,0.05338,0.05162,0.05375,0.05637,0.04311,0.04854,0.05243,0.05777,0.06866,0.07158,0.07961,0.08326,0.1038,0.08932,0.1022,0.1136,0.09923,0.07941,0.09167,0.1029,0.1085,0.1223,0.1565,0.1625,0.1531,0.1482,0.1465,0.135,0.1411,0.1405
Open BCH,656.04,664.68,713.69,709.06,765.08,784.96,672.52,662.16,661.21,628.39,636.47,647.06,614.58,640.95,653.17,639.36,621.3,630.83,609.1,541.09,504.22,547.98,552.76,513.52,517.61,504.0,488.64,474.59,485.14,502.83,543.64
High BCH,674.16,721.42,734.59,767.34,802.35,787.93,679.58,673.29,673.85,639.55,655.18,660.03,642.72,655.3,655.16,647.59,638.27,647.13,609.36,551.9,548.21,553.95,556.35,523.25,519.81,515.34,499.18,498.06,505.96,544.67,548.77
Low BCH,653.58,651.45,697.85,699.29,741.99,586.38,644.79,656.28,618.58,629.16,623.74,592.82,609.44,643.74,626.6,613.4,615.08,603.16,531.34,497.93,497.0,533.02,479.63,502.6,482.22,488.34,473.11,471.94,482.23,500.87,538.04
Open EOS,5.313,5.259,5.674,5.696,6.298,6.223,4.881,4.742,4.813,4.568,4.672,4.883,4.744,4.857,5.104,5.021,5.251,5.468,4.91,4.185,3.881,4.304,4.377,4.033,4.015,3.977,3.831,3.685,3.748,3.938,4.277
High EOS,5.389,5.741,5.886,6.329,6.423,6.256,4.965,4.949,5.052,4.788,4.945,4.946,4.879,5.155,5.184,5.515,5.499,5.506,4.929,4.309,4.342,4.39,4.391,4.098,4.257,4.113,3.959,3.869,3.949,4.292,4.332
Low EOS,5.177,5.132,5.557,5.525,5.903,4.366,4.425,4.659,4.459,4.553,4.577,4.491,4.707,4.774,4.878,4.952,5.105,4.859,4.088,3.79,3.81,4.196,3.79,3.909,3.678,3.827,3.657,3.639,3.726,3.909,4.196
Open FTM,0.8688,0.8496,0.9763,1.067,1.212,1.391,1.408,1.848,1.657,1.494,1.547,1.444,1.306,1.206,1.442,1.308,1.247,1.331,1.458,1.148,0.9833,1.25,1.262,1.201,1.243,1.182,1.28,1.173,1.2,1.205,1.418
High FTM,0.9284,0.9834,1.175,1.276,1.47,1.69,1.666,1.882,1.767,1.688,1.555,1.455,1.332,1.524,1.48,1.399,1.432,1.494,1.488,1.223,1.268,1.294,1.271,1.378,1.259,1.356,1.385,1.289,1.267,1.439,1.43
Low FTM,0.8261,0.8502,0.9605,1.035,1.202,1.208,1.323,1.635,1.417,1.436,1.383,1.223,1.133,1.193,1.265,1.231,1.226,1.283,1.05,0.9422,0.9708,1.165,1.041,1.184,1.091,1.156,1.163,1.153,1.187,1.198,1.363
Open OMG,6.77,6.78,6.953,7.18,8.976,9.029,7.616,8.041,8.76,8.171,9.163,9.474,8.575,8.984,9.088,8.966,8.487,8.807,9.67,10.19,8.516,9.563,9.866,9.156,8.925,9.089,9.325,8.93,10.33,12.45,12.81
High OMG,6.962,7.105,7.279,9.136,10.23,9.716,8.494,9.312,9.525,9.569,10.03,9.711,9.017,9.093,9.298,8.968,8.962,10.13,11.32,11.41,9.769,10.09,9.913,9.278,9.387,9.678,9.839,10.58,12.48,13.47,13.82
Low OMG,6.579,6.562,6.822,7.073,8.368,6.519,6.658,8.022,7.742,8.085,8.761,8.04,8.182,8.564,8.567,8.133,8.307,8.538,7.805,8.386,8.28,9.211,8.417,8.517,8.008,8.793,8.757,8.723,10.26,12.08,12.57
Open ALGO,1.16,1.145,1.22,1.208,1.315,1.461,1.274,1.922,2.3,2.014,1.994,2.38,2.164,2.039,2.015,2.039,1.922,2.067,1.974,1.672,1.574,1.847,2.004,1.787,1.733,1.782,1.674,1.565,1.607,1.627,1.772
High ALGO,1.179,1.271,1.24,1.351,1.489,1.515,1.931,2.486,2.427,2.29,2.47,2.549,2.274,2.092,2.224,2.16,2.129,2.154,1.976,1.824,1.898,2.053,2.007,1.817,1.782,1.858,1.721,1.749,1.663,1.816,1.777
Low ALGO,1.125,1.109,1.191,1.183,1.294,1.061,1.235,1.907,1.838,1.959,1.9,1.975,1.982,1.997,1.863,1.894,1.894,1.943,1.549,1.522,1.546,1.788,1.685,1.695,1.568,1.67,1.554,1.551,1.572,1.596,1.712
Open COTI,0.3365,0.34,0.3376,0.367,0.3703,0.3604,0.2914,0.3041,0.3002,0.3001,0.3089,0.3495,0.3048,0.3101,0.3264,0.3726,0.3912,0.4116,0.3676,0.3134,0.2951,0.3948,0.5625,0.4945,0.5588,0.5197,0.6109,0.5608,0.6427,0.6149,0.579
High COTI,0.3479,0.3506,0.398,0.3863,0.3984,0.3219,0.3059,0.3164,0.3351,0.3202,0.3569,0.3439,0.3271,0.3394,0.3802,0.4195,0.4512,0.4078,0.3395,0.3375,0.4166,0.6115,0.5677,0.672,0.5927,0.6307,0.6335,0.6667,0.6428,0.6216,0.62
Low COTI,0.3267,0.3341,0.3356,0.3656,0.3499,0.2568,0.2677,0.2918,0.2902,0.2936,0.3131,0.294,0.304,0.3134,0.3152,0.35,0.3976,0.3657,0.2979,0.2899,0.3085,0.387,0.4838,0.4866,0.5089,0.4666,0.5469,0.5666,0.5826,0.5733,0.555
Open ETC,68.78,67.6,70.03,68.86,73.58,73.56,59.26,58.66,58.86,56.28,57.05,58.12,55.74,57.12,59.19,57.99,56.63,57.21,55.35,48.9,45.79,51.27,51.35,47.71,47.42,47.26,45.43,45.08,45.57,47.08,51.93
High ETC,70.17,72.39,71.23,73.96,77.28,73.87,61.43,60.39,60.36,58.32,58.92,58.33,57.26,59.33,60.02,59.0,58.36,57.21,55.41,50.42,51.32,51.57,51.87,49.58,48.3,48.42,48.72,46.84,47.32,52.53,55.22
Low ETC,66.49,66.07,68.08,68.17,71.38,50.93,53.39,57.42,54.95,55.58,56.12,53.63,55.16,56.3,56.82,56.09,55.75,54.83,47.33,44.73,44.94,49.53,44.26,46.27,44.13,45.37,44.88,44.73,45.35,46.65,51.22
Open DYDX,0.0,0.0,0.0,0.0,0.0,0.0,0.0,0.0,0.0,0.0,0.0,0.0,0.0,0.0,0.0,0.0,0.0,0.0,12.3,11.81,12.55,14.65,14.07,12.12,13.98,19.39,21.02,22.51,26.72,23.56,22.33
High DYDX,0.0,0.0,0.0,0.0,0.0,0.0,0.0,0.0,0.0,0.0,0.0,0.0,0.0,0.0,0.0,0.0,0.0,0.0,13.18,13.67,14.99,14.95,14.11,14.33,19.69,22.87,23.63,26.93,27.86,25.1,24.36
Low DYDX,0.0,0.0,0.0,0.0,0.0,0.0,0.0,0.0,0.0,0.0,0.0,0.0,0.0,0.0,0.0,0.0,0.0,0.0,11.24,10.4,12.29,13.13,10.86,11.47,12.85,18.75,18.73,21.8,23.12,21.34,21.76
Open OKB,22.53,21.65,22.24,22.51,22.93,23.13,17.56,18.87,18.55,17.96,18.14,18.71,18.07,18.63,19.21,18.71,18.5,18.85,18.36,16.75,14.7,16.84,17.19,14.06,13.04,12.73,14.6,15.66,16.33,15.83,17.46
High OKB,22.84,22.37,23.12,24.2,24.32,20.71,18.87,19.16,18.26,18.32,18.88,18.54,19.01,19.45,19.2,18.77,19.16,18.53,17.05,16.57,17.43,17.71,16.44,14.08,16.41,14.95,16.99,16.66,17.27,17.6,18.8
Low OKB,21.0,21.56,21.74,22.73,19.61,17.31,16.67,16.89,16.33,17.86,18.35,17.02,18.48,18.76,18.49,18.28,18.62,18.1,15.15,13.8,14.96,17.01,13.93,12.55,10.59,11.99,13.55,15.49,15.38,12.85,16.89
Open CELO,5.806,5.615,5.31,5.128,5.474,5.156,4.136,4.243,5.01,5.025,5.032,4.957,5.192,5.029,5.045,5.358,5.113,5.24,5.942,5.841,6.205,6.55,7.137,7.615,6.827,6.263,6.132,5.819,5.693,5.648,6.155
High CELO,5.978,5.696,5.62,6.688,5.56,5.179,4.739,5.35,5.713,5.472,5.335,5.349,5.661,5.444,5.499,5.358,5.553,6.221,6.546,7.52,6.859,7.879,8.266,7.792,6.834,7.0,6.268,6.17,5.877,6.32,6.377
Low CELO,5.535,5.281,5.12,5.063,5.101,3.811,3.887,4.093,4.7,4.846,4.857,4.242,4.984,4.847,4.919,4.998,5.012,5.11,5.141,5.492,5.68,6.257,6.207,6.75,5.75,6.1,5.801,5.505,5.574,5.606,6.021
Open MATIC,1.47,1.446,1.457,1.74,1.681,1.644,1.36,1.333,1.368,1.303,1.315,1.328,1.247,1.319,1.416,1.383,1.421,1.365,1.314,1.134,1.046,1.231,1.225,1.127,1.122,1.125,1.085,1.05,1.099,1.126,1.266
High MATIC,1.519,1.498,1.744,1.797,1.718,1.697,1.382,1.492,1.465,1.372,1.372,1.349,1.346,1.421,1.497,1.44,1.439,1.372,1.318,1.187,1.235,1.245,1.23,1.145,1.167,1.169,1.112,1.112,1.149,1.277,1.27
Low MATIC,1.432,1.405,1.447,1.635,1.571,1.116,1.186,1.283,1.268,1.277,1.288,1.201,1.236,1.318,1.349,1.302,1.337,1.302,1.099,1.017,1.03,1.178,1.056,1.085,1.033,1.083,1.046,1.045,1.094,1.126,1.224
Open ONE,0.1226,0.1194,0.122,0.1245,0.1326,0.1302,0.1195,0.1421,0.1992,0.1717,0.1791,0.2164,0.1843,0.1721,0.1727,0.1635,0.1527,0.166,0.1566,0.128,0.1209,0.1368,0.1589,0.1508,0.1626,0.1782,0.1578,0.1461,0.144,0.1505,0.1596
High ONE,0.1257,0.1264,0.1309,0.1338,0.1342,0.1583,0.1555,0.205,0.2069,0.2087,0.2228,0.2289,0.1886,0.18,0.1792,0.1647,0.1766,0.1692,0.1571,0.1467,0.1398,0.1599,0.1592,0.1773,0.1825,0.1804,0.1629,0.1579,0.1545,0.162,0.172
Low ONE,0.1189,0.1166,0.1202,0.1244,0.124,0.0964,0.1168,0.1372,0.1598,0.166,0.175,0.174,0.1666,0.168,0.1571,0.1492,0.1491,0.1528,0.12,0.1176,0.1179,0.1296,0.1269,0.1483,0.1482,0.157,0.1445,0.14,0.1429,0.147,0.1542
