,2021-09-02,2021-09-03,2021-09-04,2021-09-05,2021-09-06,2021-09-07,2021-09-08,2021-09-09,2021-09-10,2021-09-11,2021-09-12,2021-09-13,2021-09-14,2021-09-15,2021-09-16,2021-09-17,2021-09-18,2021-09-19,2021-09-20,2021-09-21,2021-09-22,2021-09-23,2021-09-24,2021-09-25,2021-09-26,2021-09-27,2021-09-28,2021-09-29,2021-09-30,2021-10-01,2021-10-02
Open BTC,48840.01,49280.77,50019.51,49935.29,51784.16,52693.32,46856.31,46073.45,46392.85,44853.1,45166.12,46049.72,44958.56,47129.01,48148.45,47764.47,47297.98,48312.46,47251.76,42925.46,40709.59,43576.15,44893.87,42848.41,42721.91,43201.79,42187.51,41056.79,41539.43,43829.34,48164.35
High BTC,50374.89,51056.15,50549.35,51890.18,52766.16,52919.24,47362.35,47335.29,47026.67,45987.63,46403.5,46821.84,47263.56,48457.3,48498.51,48172.36,48808.0,48376.3,47340.49,43625.93,44012.22,44994.17,45143.18,42992.94,43928.49,44360.41,42781.24,42603.18,44106.6,48470.13,48244.05
Low BTC,48632.7,48362.56,49501.12,49499.28,51035.68,43904.42,44475.76,45572.3,44198.27,44741.98,44765.82,43511.3,44776.37,46725.15,47050.55,46770.31,47066.47,46864.5,42552.63,39767.17,40589.07,43108.42,40807.2,41710.08,40825.4,42139.24,40924.13,40790.67,41436.79,43304.82,47468.49
Open ETH,3829.18,3787.7,3939.79,3887.01,3952.33,3928.4,3433.48,3499.69,3424.24,3209.41,3266.43,3405.32,3285.4,3436.05,3615.22,3569.26,3398.82,3435.76,3328.85,2966.51,2760.2,3078.88,3154.62,2930.86,2925.34,3064.21,2927.73,2807.44,2850.87,3000.83,3310.63
High ETH,3837.51,4026.86,3969.89,3982.63,3971.74,3947.45,3560.94,3567.91,3513.41,3347.75,3471.17,3429.17,3437.3,3617.68,3673.8,3593.71,3541.73,3456.34,3344.34,3103.63,3090.16,3177.43,3160.27,2968.99,3116.4,3166.17,2970.52,2949.74,3048.78,3334.03,3344.49
Low ETH,3724.1,3712.13,3835.04,3835.93,3872.94,3170.57,3217.86,3395.5,3149.58,3201.4,3232.65,3121.17,3272.39,3361.88,3484.59,3354.35,3370.5,3282.08,2926.56,2677.64,2738.86,3037.12,2745.73,2805.35,2742.73,2925.7,2791.15,2784.02,2838.28,2969.29,3260.49
Open ATOM,25.41,24.17,24.12,24.42,25.76,25.12,21.01,20.63,26.83,29.37,27.28,35.05,35.77,34.17,34.05,37.18,33.43,40.71,44.24,33.71,30.38,39.81,41.5,42.59,39.49,39.87,37.23,33.69,33.85,36.22,37.88
High ATOM,25.74,24.93,25.46,26.2,27.08,27.42,21.87,28.42,30.44,30.85,35.22,38.84,37.81,35.31,37.2,38.01,41.42,44.54,44.73,37.15,40.17,43.41,44.44,43.1,41.68,40.74,37.86,36.61,36.28,38.58,39.46
Low ATOM,23.54,23.18,23.77,23.83,23.87,17.66,18.53,20.45,24.62,26.74,26.01,30.34,32.78,32.69,31.27,32.54,32.72,37.81,33.3,28.86,29.38,38.84,35.92,38.82,35.5,36.64,33.37,32.61,33.48,34.78,37.19
Open AVAX,42.49,47.66,45.89,47.21,48.18,47.1,37.85,37.03,40.76,49.34,57.09,59.17,53.19,51.51,57.92,67.59,70.1,69.04,70.07,57.22,58.99,74.08,76.45,72.41,68.4,66.88,66.4,61.54,65.47,66.62,67.56
High AVAX,47.85,52.67,49.49,50.4,52.28,41.91,38.41,44.81,49.56,59.12,66.31,59.21,59.76,58.16,68.3,71.23,75.13,75.51,63.87,62.33,74.65,80.72,75.58,72.37,71.02,70.28,67.09,69.04,70.0,73.31,67.96
Low AVAX,41.5,45.02,44.29,47.33,45.74,33.67,34.32,36.74,39.19,47.83,54.98,49.81,49.67,51.52,56.74,60.4,67.83,65.49,55.46,52.27,61.97,74.16,68.51,67.97,65.19,64.21,61.38,61.6,65.31,66.76,65.86
Open XRP,1.237,1.254,1.291,1.256,1.307,1.391,1.127,1.099,1.087,1.055,1.079,1.119,1.064,1.097,1.121,1.091,1.066,1.076,1.049,0.9208,0.8738,1.004,1.002,0.9449,0.9415,0.9448,0.9229,0.8939,0.9279,0.953,1.043
High XRP,1.295,1.322,1.297,1.312,1.415,1.392,1.148,1.15,1.243,1.112,1.126,1.126,1.098,1.13,1.13,1.103,1.094,1.084,1.05,0.959,1.008,1.017,1.003,0.9567,0.957,0.9816,0.9431,0.991,0.9635,1.066,1.043
Low XRP,1.223,1.222,1.237,1.238,1.307,0.9589,1.017,1.076,1.031,1.052,1.059,1.027,1.058,1.08,1.067,1.052,1.058,1.04,0.8775,0.8593,0.869,0.9693,0.888,0.9184,0.8936,0.9213,0.8918,0.8878,0.9228,0.9452,1.009
Open ADA,2.87,2.963,2.968,2.832,2.913,2.835,2.511,2.471,2.517,2.383,2.636,2.583,2.402,2.398,2.505,2.419,2.35,2.372,2.282,2.08,1.985,2.258,2.33,2.281,2.302,2.209,2.132,2.039,2.066,2.116,2.255
High ADA,3.097,3.032,2.968,2.957,2.928,2.875,2.564,2.622,2.585,2.796,2.786,2.591,2.437,2.582,2.517,2.441,2.437,2.396,2.292,2.227,2.268,2.344,2.344,2.457,2.302,2.275,2.173,2.144,2.136,2.275,2.256
Low ADA,2.838,2.906,2.805,2.826,2.806,2.041,2.199,2.393,2.278,2.369,2.505,2.316,2.324,2.361,2.383,2.315,2.313,2.263,1.973,1.915,1.97,2.182,2.072,2.24,2.152,2.131,2.031,2.022,2.055,2.094,2.196
Open SOL,110.73,128.29,146.46,139.0,142.11,164.31,173.2,191.01,187.7,179.5,179.1,174.4,169.66,158.92,158.66,152.11,147.49,169.36,152.86,132.08,124.04,148.18,150.0,139.28,136.16,135.84,136.35,132.21,135.3,141.32,161.67
High SOL,132.08,148.91,150.67,144.99,166.06,194.96,197.94,215.85,197.27,193.33,181.57,174.96,171.84,166.95,163.09,153.4,171.55,170.98,153.41,144.61,151.98,152.44,151.29,144.07,140.82,148.96,139.41,140.12,142.94,165.0,161.74
Low SOL,109.37,128.21,136.03,134.85,137.68,131.78,146.72,179.4,168.1,174.55,167.49,150.49,142.51,153.95,147.43,134.25,144.27,150.73,130.49,116.01,122.14,143.03,128.52,133.58,124.9,133.81,128.14,131.13,134.11,138.31,156.24
Open DOT,33.2,31.82,33.59,32.38,34.43,34.35,27.9,27.74,29.83,29.19,31.57,35.82,34.85,37.37,36.47,35.54,33.02,34.88,33.84,28.15,26.38,31.61,33.46,30.85,29.85,28.86,27.73,26.33,27.26,28.6,31.96
High DOT,33.2,33.98,34.14,34.76,35.02,35.66,28.85,31.84,32.65,32.08,36.48,38.01,38.77,38.04,36.95,36.94,35.89,34.88,33.91,30.35,31.99,33.61,33.53,32.22,30.01,30.24,28.37,28.57,28.97,32.32,32.7
Low DOT,31.37,31.04,32.06,32.03,32.53,23.63,25.27,27.02,28.02,28.29,30.67,31.7,34.09,35.59,34.09,32.23,32.54,33.06,26.71,25.52,25.94,30.4,28.0,29.47,26.78,27.62,26.16,26.12,27.13,28.5,31.55
Open FIL,78.65,77.41,77.67,95.06,113.63,106.29,84.34,88.19,88.6,82.46,81.67,83.8,78.06,80.81,86.34,84.74,85.79,84.31,83.48,74.07,69.43,74.55,74.69,63.36,60.47,55.85,59.03,55.3,57.06,60.07,71.51
High FIL,79.6,79.2,96.65,120.25,118.55,110.85,93.94,94.13,91.77,84.97,87.03,84.56,81.88,87.45,90.62,86.67,87.35,85.16,83.66,76.59,75.01,75.58,74.96,63.92,60.69,63.06,59.57,58.51,61.18,73.31,73.02
Low FIL,77.07,75.77,77.52,91.95,103.94,72.96,76.01,85.14,78.81,80.19,80.73,73.05,77.49,80.17,82.28,80.61,82.67,81.59,71.5,68.25,68.67,71.88,60.25,58.84,50.02,54.77,55.1,55.24,56.84,59.64,68.39
Open LUNA,31.75,32.82,31.71,31.4,34.54,32.31,27.82,29.48,30.6,43.39,39.24,39.24,37.23,35.72,36.73,37.47,34.45,34.81,32.94,27.5,25.13,33.23,36.21,40.2,37.87,34.72,36.86,33.17,34.18,38.88,37.81
High LUNA,33.83,33.81,32.44,35.24,35.07,32.59,32.09,31.46,43.99,44.52,43.48,39.59,37.92,37.62,39.77,39.17,36.35,36.45,33.02,29.44,33.56,36.83,41.24,40.93,37.93,39.52,37.24,36.29,38.95,39.97,38.62
Low LUNA,31.38,31.0,31.0,31.13,30.58,22.96,24.97,28.28,30.57,37.61,37.91,33.91,34.66,34.99,35.24,34.1,34.13,32.06,26.32,24.02,25.12,32.5,32.7,36.38,33.69,33.84,33.02,33.07,33.87,36.53,37.16
Open LINK,29.74,29.97,30.78,29.9,33.57,34.82,28.2,27.16,27.98,26.38,27.0,29.44,26.96,30.83,30.7,29.81,27.71,28.39,27.39,23.46,21.4,24.48,25.44,23.28,24.52,24.63,23.03,22.09,22.86,24.0,26.32
High LINK,30.88,31.75,31.16,33.63,36.34,35.34,29.2,30.17,29.54,27.71,29.74,29.89,30.85,31.44,32.11,30.13,29.46,28.79,27.41,24.36,24.51,25.48,25.5,24.7,25.37,25.47,23.73,23.92,24.38,26.7,26.65
Low LINK,28.78,29.1,29.45,29.56,32.59,24.84,25.18,26.48,25.64,26.28,26.39,25.36,26.74,29.61,29.05,27.38,27.41,26.93,23.07,20.84,21.04,23.42,21.41,22.06,22.45,23.0,22.0,22.02,22.73,23.6,25.85
Open BNB,489.87,483.69,488.64,497.71,504.69,496.23,418.26,414.95,421.29,401.39,404.98,416.93,399.03,414.64,431.2,424.3,406.51,410.63,408.56,363.86,344.24,379.09,383.86,355.23,349.82,344.16,335.81,333.28,367.46,387.47,421.58
High BNB,506.61,498.39,506.84,536.48,517.08,504.99,425.38,436.19,439.39,415.11,421.67,419.65,414.73,437.28,433.12,425.95,419.72,419.03,409.78,375.68,379.98,384.82,385.35,360.87,352.72,357.54,344.5,375.23,388.61,423.54,426.37
Low BNB,478.02,483.79,484.97,489.1,495.21,356.55,382.92,403.77,393.8,399.67,397.8,385.24,396.04,419.81,415.79,400.74,401.59,402.99,353.99,336.86,342.46,369.33,334.15,343.97,319.95,335.5,330.03,331.48,366.28,381.42,411.0
Open XTZ,5.422,5.298,5.312,5.404,5.567,5.595,4.404,4.336,5.578,6.182,6.118,7.03,7.175,7.12,6.901,6.952,6.109,6.405,6.521,5.272,4.678,5.579,6.21,7.004,6.831,6.527,6.04,5.469,5.637,6.072,6.691
High XTZ,5.442,5.483,5.596,5.596,5.766,5.712,4.514,5.687,6.853,6.946,7.228,7.886,7.99,7.639,7.039,6.971,6.727,6.937,6.553,5.528,5.625,6.588,7.394,7.5,7.079,6.675,6.268,6.075,6.091,6.851,7.286
Low XTZ,5.215,5.121,5.244,5.269,5.405,3.934,3.906,4.264,5.32,6.05,5.91,6.345,6.841,6.734,6.464,6.047,5.909,6.115,5.09,4.488,4.515,5.509,5.807,6.791,6.433,6.01,5.432,5.347,5.593,6.012,6.528
Open LTC,180.89,183.45,213.18,211.99,232.34,219.42,178.17,179.62,180.32,174.12,178.5,183.03,179.32,182.98,189.21,185.37,179.86,181.4,175.68,156.69,148.38,161.48,163.94,152.28,151.06,150.76,145.17,140.57,144.79,153.27,166.23
High LTC,187.92,217.74,225.14,232.47,232.4,221.97,188.61,188.57,187.25,185.96,185.98,233.83,188.05,191.79,195.2,190.27,185.8,181.63,175.96,162.21,161.82,164.92,166.21,155.95,153.46,154.97,148.83,150.31,154.37,168.13,168.8
Low LTC,179.47,179.95,208.66,210.71,215.64,165.86,169.51,176.83,170.99,173.43,175.29,170.88,176.32,179.88,181.65,177.91,178.06,172.77,153.75,144.89,145.5,157.36,142.03,149.02,142.44,145.0,140.14,139.89,144.02,151.02,164.66
Open FTT,65.14,60.19,63.6,60.9,63.55,73.42,71.01,76.24,79.7,72.81,72.55,73.58,68.38,67.73,71.19,67.43,61.57,63.76,60.75,52.86,51.31,55.79,57.63,52.92,54.86,55.86,51.65,48.15,49.91,51.69,55.25
High FTT,70.07,67.6,65.48,65.0,77.33,83.33,78.76,84.75,83.81,77.08,78.0,74.2,69.24,72.93,71.62,68.21,66.49,64.1,60.92,58.48,58.24,60.91,57.84,56.0,59.23,57.9,53.09,52.3,52.88,56.41,55.48
Low FTT,59.14,57.97,60.64,59.4,62.21,61.8,61.88,73.13,69.51,71.83,70.92,64.47,65.64,66.49,66.0,58.69,61.31,59.89,50.8,48.0,50.64,54.56,49.0,50.6,49.81,51.62,47.93,47.95,49.71,50.93,53.28
Open TRX,0.09503,0.09963,0.1015,0.1016,0.1052,0.1038,0.08534,0.0927,0.09297,0.09076,0.09536,0.1126,0.1047,0.1182,0.1207,0.1161,0.1052,0.1059,0.1037,0.09129,0.08808,0.0988,0.09915,0.09238,0.09081,0.0881,0.08617,0.08322,0.08598,0.08954,0.0948
High TRX,0.1019,0.1057,0.1034,0.1052,0.1072,0.1059,0.09638,0.09458,0.09563,0.09687,0.1177,0.1167,0.1199,0.1227,0.1222,0.1204,0.109,0.1074,0.1038,0.09554,0.09886,0.1007,0.09935,0.09379,0.09094,0.0906,0.0873,0.08795,0.08966,0.09481,0.09485
Low TRX,0.09449,0.09782,0.09943,0.1011,0.1012,0.07918,0.08361,0.09038,0.08656,0.09054,0.09398,0.09952,0.1043,0.1134,0.1122,0.1037,0.1036,0.1026,0.08975,0.08726,0.08692,0.09627,0.08661,0.08957,0.08396,0.08615,0.08318,0.0829,0.0857,0.08871,0.09251
Open DOGE,0.2946,0.2947,0.2962,0.2994,0.3145,0.3092,0.2547,0.2568,0.2525,0.2397,0.2411,0.2504,0.2359,0.2406,0.2477,0.2421,0.2398,0.2414,0.2329,0.2084,0.2007,0.2246,0.2246,0.2094,0.2085,0.2052,0.1998,0.1967,0.1986,0.2042,0.2229
High DOGE,0.3096,0.3047,0.3088,0.3156,0.3199,0.3113,0.2632,0.2596,0.2619,0.2479,0.255,0.2521,0.2416,0.2482,0.2479,0.2597,0.2474,0.2417,0.2334,0.2183,0.2303,0.2271,0.2289,0.2126,0.2089,0.2094,0.2026,0.2041,0.2058,0.2252,0.2234
Low DOGE,0.2921,0.2874,0.2934,0.2965,0.3003,0.2151,0.2337,0.2489,0.2355,0.2379,0.2389,0.2285,0.2338,0.2391,0.2331,0.2376,0.2381,0.2309,0.1994,0.1979,0.2,0.2179,0.1969,0.2046,0.1942,0.1997,0.1962,0.1948,0.1977,0.2018,0.2153
Open CELR,0.05839,0.05382,0.05748,0.05477,0.05683,0.05744,0.04762,0.05792,0.06486,0.07436,0.06866,0.09174,0.07961,0.1787,0.09389,0.1036,0.1124,0.1131,0.1021,0.105,0.09227,0.1059,0.1406,0.1777,0.1565,0.1676,0.1561,0.1532,0.147,0.1385,0.145
High CELR,0.05822,0.06,0.05741,0.05683,0.06285,0.05857,0.08305,0.06859,0.07436,0.07568,0.09174,0.09064,0.1787,0.188,0.1156,0.122,0.1481,0.1162,0.09272,0.09771,0.1059,0.1461,0.2005,0.187,0.2076,0.1763,0.1716,0.1604,0.1547,0.1618,0.1602
Low CELR,0.05261,0.05338,0.05162,0.05375,0.05637,0.04311,0.04854,0.05243,0.05777,0.06866,0.07158,0.07961,0.08326,0.1038,0.08932,0.1022,0.1136,0.09923,0.07941,0.09167,0.1029,0.1085,0.1223,0.1565,0.1625,0.1531,0.1482,0.1465,0.135,0.1411,0.1405
Open BCH,656.04,664.68,713.69,709.06,765.08,784.96,672.52,662.16,661.21,628.39,636.47,647.06,614.58,640.95,653.17,639.36,621.3,630.83,609.1,541.09,504.22,547.98,552.76,513.52,517.61,504.0,488.64,474.59,485.14,502.83,543.64
High BCH,674.16,721.42,734.59,767.34,802.35,787.93,679.58,673.29,673.85,639.55,655.18,660.03,642.72,655.3,655.16,647.59,638.27,647.13,609.36,551.9,548.21,553.95,556.35,523.25,519.81,515.34,499.18,498.06,505.96,544.67,548.77
Low BCH,653.58,651.45,697.85,699.29,741.99,586.38,644.79,656.28,618.58,629.16,623.74,592.82,609.44,643.74,626.6,613.4,615.08,603.16,531.34,497.93,497.0,533.02,479.63,502.6,482.22,488.34,473.11,471.94,482.23,500.87,537.12
Open EOS,5.313,5.259,5.674,5.696,6.298,6.223,4.881,4.742,4.813,4.568,4.672,4.883,4.744,4.857,5.104,5.021,5.251,5.468,4.91,4.185,3.881,4.304,4.377,4.033,4.015,3.977,3.831,3.685,3.748,3.938,4.277
High EOS,5.389,5.741,5.886,6.329,6.423,6.256,4.965,4.949,5.052,4.788,4.945,4.946,4.879,5.155,5.184,5.515,5.499,5.506,4.929,4.309,4.342,4.39,4.391,4.098,4.257,4.113,3.959,3.869,3.949,4.292,4.332
Low EOS,5.177,5.132,5.557,5.525,5.903,4.366,4.425,4.659,4.459,4.553,4.577,4.491,4.707,4.774,4.878,4.952,5.105,4.859,4.088,3.79,3.81,4.196,3.79,3.909,3.678,3.827,3.657,3.639,3.726,3.909,4.196
Open FTM,0.8688,0.8496,0.9763,1.067,1.212,1.391,1.408,1.848,1.657,1.494,1.547,1.444,1.306,1.206,1.442,1.308,1.247,1.331,1.458,1.148,0.9833,1.25,1.262,1.201,1.243,1.182,1.28,1.173,1.2,1.205,1.418
High FTM,0.9284,0.9834,1.175,1.276,1.47,1.69,1.666,1.882,1.767,1.688,1.555,1.455,1.332,1.524,1.48,1.399,1.432,1.494,1.488,1.223,1.268,1.294,1.271,1.378,1.259,1.356,1.385,1.289,1.267,1.439,1.43
Low FTM,0.8261,0.8502,0.9605,1.035,1.202,1.208,1.323,1.635,1.417,1.436,1.383,1.223,1.133,1.193,1.265,1.231,1.226,1.283,1.05,0.9422,0.9708,1.165,1.041,1.184,1.091,1.156,1.163,1.153,1.187,1.198,1.363
Open OMG,6.77,6.78,6.953,7.18,8.976,9.029,7.616,8.041,8.76,8.171,9.163,9.474,8.575,8.984,9.088,8.966,8.487,8.807,9.67,10.19,8.516,9.563,9.866,9.156,8.925,9.089,9.325,8.93,10.33,12.45,12.81
High OMG,6.962,7.105,7.279,9.136,10.23,9.716,8.494,9.312,9.525,9.569,10.03,9.711,9.017,9.093,9.298,8.968,8.962,10.13,11.32,11.41,9.769,10.09,9.913,9.278,9.387,9.678,9.839,10.58,12.48,13.47,14.36
Low OMG,6.579,6.562,6.822,7.073,8.368,6.519,6.658,8.022,7.742,8.085,8.761,8.04,8.182,8.564,8.567,8.133,8.307,8.538,7.805,8.386,8.28,9.211,8.417,8.517,8.008,8.793,8.757,8.723,10.26,12.08,12.57
Open ALGO,1.16,1.145,1.22,1.208,1.315,1.461,1.274,1.922,2.3,2.014,1.994,2.38,2.164,2.039,2.015,2.039,1.922,2.067,1.974,1.672,1.574,1.847,2.004,1.787,1.733,1.782,1.674,1.565,1.607,1.627,1.772
High ALGO,1.179,1.271,1.24,1.351,1.489,1.515,1.931,2.486,2.427,2.29,2.47,2.549,2.274,2.092,2.224,2.16,2.129,2.154,1.976,1.824,1.898,2.053,2.007,1.817,1.782,1.858,1.721,1.749,1.663,1.816,1.777
Low ALGO,1.125,1.109,1.191,1.183,1.294,1.061,1.235,1.907,1.838,1.959,1.9,1.975,1.982,1.997,1.863,1.894,1.894,1.943,1.549,1.522,1.546,1.788,1.685,1.695,1.568,1.67,1.554,1.551,1.572,1.596,1.712
Open COTI,0.3365,0.34,0.3376,0.367,0.3703,0.3604,0.2914,0.3041,0.3002,0.3001,0.3089,0.3495,0.3048,0.3101,0.3264,0.3726,0.3912,0.4116,0.3676,0.3134,0.2951,0.3948,0.5625,0.4945,0.5588,0.5197,0.6109,0.5608,0.6427,0.6149,0.579
High COTI,0.3479,0.3506,0.398,0.3863,0.3984,0.3219,0.3059,0.3164,0.3351,0.3202,0.3569,0.3439,0.3271,0.3394,0.3802,0.4195,0.4512,0.4078,0.3395,0.3375,0.4166,0.6115,0.5677,0.672,0.5927,0.6307,0.6335,0.6667,0.6428,0.6216,0.62
Low COTI,0.3267,0.3341,0.3356,0.3656,0.3499,0.2568,0.2677,0.2918,0.2902,0.2936,0.3131,0.294,0.304,0.3134,0.3152,0.35,0.3976,0.3657,0.2979,0.2899,0.3085,0.387,0.4838,0.4866,0.5089,0.4666,0.5469,0.5666,0.5826,0.5733,0.555
Open ETC,68.78,67.6,70.03,68.86,73.58,73.56,59.26,58.66,58.86,56.28,57.05,58.12,55.74,57.12,59.19,57.99,56.63,57.21,55.35,48.9,45.79,51.27,51.35,47.71,47.42,47.26,45.43,45.08,45.57,47.08,51.93
High ETC,70.17,72.39,71.23,73.96,77.28,73.87,61.43,60.39,60.36,58.32,58.92,58.33,57.26,59.33,60.02,59.0,58.36,57.21,55.41,50.42,51.32,51.57,51.87,49.58,48.3,48.42,48.72,46.84,47.32,52.53,55.22
Low ETC,66.49,66.07,68.08,68.17,71.38,50.93,53.39,57.42,54.95,55.58,56.12,53.63,55.16,56.3,56.82,56.09,55.75,54.83,47.33,44.73,44.94,49.53,44.26,46.27,44.13,45.37,44.88,44.73,45.35,46.65,51.22
Open DYDX,0.0,0.0,0.0,0.0,0.0,0.0,0.0,0.0,0.0,0.0,0.0,0.0,0.0,0.0,0.0,0.0,0.0,0.0,12.3,11.81,12.55,14.65,14.07,12.12,13.98,19.39,21.02,22.51,26.72,23.56,22.33
High DYDX,0.0,0.0,0.0,0.0,0.0,0.0,0.0,0.0,0.0,0.0,0.0,0.0,0.0,0.0,0.0,0.0,0.0,0.0,13.18,13.67,14.99,14.95,14.11,14.33,19.69,22.87,23.63,26.93,27.86,25.1,24.36
Low DYDX,0.0,0.0,0.0,0.0,0.0,0.0,0.0,0.0,0.0,0.0,0.0,0.0,0.0,0.0,0.0,0.0,0.0,0.0,11.24,10.4,12.29,13.13,10.86,11.47,12.85,18.75,18.73,21.8,23.12,21.34,21.76
Open OKB,22.53,21.65,22.24,22.51,22.93,23.13,17.56,18.87,18.55,17.96,18.14,18.71,18.07,18.63,19.21,18.71,18.5,18.85,18.36,16.75,14.7,16.84,17.19,14.06,13.04,12.73,14.6,15.66,16.33,15.83,17.46
High OKB,22.84,22.37,23.12,24.2,24.32,20.71,18.87,19.16,18.26,18.32,18.88,18.54,19.01,19.45,19.2,18.77,19.16,18.53,17.05,16.57,17.43,17.71,16.44,14.08,16.41,14.95,16.99,16.66,17.27,17.6,18.8
Low OKB,21.0,21.56,21.74,22.73,19.61,17.31,16.67,16.89,16.33,17.86,18.35,17.02,18.48,18.76,18.49,18.28,18.62,18.1,15.15,13.8,14.96,17.01,13.93,12.55,10.59,11.99,13.55,15.49,15.38,12.85,16.89
Open CELO,5.806,5.615,5.31,5.128,5.474,5.156,4.136,4.243,5.01,5.025,5.032,4.957,5.192,5.029,5.045,5.358,5.113,5.24,5.942,5.841,6.205,6.55,7.137,7.615,6.827,6.263,6.132,5.819,5.693,5.648,6.155
High CELO,5.978,5.696,5.62,6.688,5.56,5.179,4.739,5.35,5.713,5.472,5.335,5.349,5.661,5.444,5.499,5.358,5.553,6.221,6.546,7.52,6.859,7.879,8.266,7.792,6.834,7.0,6.268,6.17,5.877,6.32,6.59
Low CELO,5.535,5.281,5.12,5.063,5.101,3.811,3.887,4.093,4.7,4.846,4.857,4.242,4.984,4.847,4.919,4.998,5.012,5.11,5.141,5.492,5.68,6.257,6.207,6.75,5.75,6.1,5.801,5.505,5.574,5.606,6.021
Open MATIC,1.47,1.446,1.457,1.74,1.681,1.644,1.36,1.333,1.368,1.303,1.315,1.328,1.247,1.319,1.416,1.383,1.421,1.365,1.314,1.134,1.046,1.231,1.225,1.127,1.122,1.125,1.085,1.05,1.099,1.126,1.266
High MATIC,1.519,1.498,1.744,1.797,1.718,1.697,1.382,1.492,1.465,1.372,1.372,1.349,1.346,1.421,1.497,1.44,1.439,1.372,1.318,1.187,1.235,1.245,1.23,1.145,1.167,1.169,1.112,1.112,1.149,1.277,1.27
Low MATIC,1.432,1.405,1.447,1.635,1.571,1.116,1.186,1.283,1.268,1.277,1.288,1.201,1.236,1.318,1.349,1.302,1.337,1.302,1.099,1.017,1.03,1.178,1.056,1.085,1.033,1.083,1.046,1.045,1.094,1.126,1.224
Open SAND,1.01,1.006,1.003,0.9949,0.9777,0.96,0.7505,0.7882,0.8727,0.7812,0.8016,0.8133,0.7469,0.7928,0.8065,0.8208,0.7708,0.7784,0.7435,0.6327,0.5985,0.6948,0.7348,0.6797,0.6665,0.6555,0.6317,0.5919,0.6029,0.6697,0.8109
High SAND,1.062,1.02,1.097,1.013,1.003,0.9704,0.8415,0.8817,0.8779,0.8176,0.8488,0.8143,0.7953,0.8163,0.8385,0.8247,0.7856,0.7784,0.7435,0.6942,0.7029,0.7917,0.7469,0.6971,0.6862,0.6786,0.6372,0.6303,0.6725,0.8208,0.8354
Low SAND,0.9729,0.9542,0.9733,0.9498,0.9036,0.6143,0.6889,0.7681,0.7569,0.7641,0.7778,0.7102,0.7407,0.7662,0.7791,0.7602,0.759,0.7353,0.6115,0.58,0.5808,0.6866,0.6254,0.6485,0.621,0.6311,0.4884,0.5851,0.6016,0.658,0.7707
Open 1INCH,3.34,3.353,3.576,3.684,3.833,3.709,2.915,2.916,3.025,2.878,2.907,2.989,2.839,3.07,3.301,3.326,3.12,3.141,2.948,2.562,2.31,2.629,2.779,2.55,2.493,2.681,2.526,2.374,2.498,2.555,2.918
High 1INCH,3.438,3.674,3.78,4.014,3.966,3.749,3.018,3.202,3.167,3.025,3.117,3.016,3.109,3.33,3.512,3.365,3.316,3.142,2.955,2.662,2.686,2.848,2.843,2.599,2.794,2.909,2.616,2.584,2.662,2.96,2.969
Low 1INCH,3.26,3.275,3.48,3.656,3.55,2.582,2.591,2.832,2.735,2.828,2.826,2.711,2.814,3.014,3.183,3.018,3.065,2.907,2.501,2.242,2.263,2.562,2.367,2.44,2.217,2.515,2.366,2.365,2.476,2.542,2.815
Open ZIL,0.1153,0.114,0.1193,0.1223,0.1329,0.1307,0.1014,0.1032,0.1083,0.1064,0.1069,0.1118,0.1025,0.1065,0.1111,0.112,0.1075,0.1084,0.1026,0.08701,0.08065,0.09183,0.09299,0.08485,0.08402,0.08315,0.0797,0.07514,0.08263,0.08573,0.09467
High ZIL,0.1161,0.1229,0.1257,0.1363,0.1347,0.1311,0.1057,0.1109,0.1208,0.1119,0.1127,0.1138,0.1071,0.1124,0.1159,0.1166,0.1112,0.1085,0.1027,0.091,0.09206,0.09332,0.09338,0.08621,0.08456,0.08583,0.08035,0.08509,0.08901,0.09574,0.1009
Low ZIL,0.1118,0.1117,0.1182,0.1208,0.1234,0.09006,0.09213,0.1014,0.1034,0.1043,0.1043,0.09728,0.1009,0.1047,0.1075,0.106,0.1059,0.1012,0.08529,0.0791,0.07935,0.08875,0.07971,0.08212,0.07753,0.07959,0.07514,0.0749,0.08239,0.08418,0.09344
Open REP,28.89,28.79,29.42,33.27,33.6,32.6,25.92,25.47,26.59,25.18,25.51,26.5,25.12,26.01,26.91,26.31,26.23,26.48,25.32,21.3,19.5,21.77,22.25,20.4,22.02,20.99,19.94,18.48,18.57,20.32,23.42
High REP,29.39,29.82,32.98,36.73,35.02,29.32,26.0,26.75,26.6,26.01,28.26,25.93,26.61,27.06,26.93,26.56,27.12,25.98,23.36,20.8,22.05,22.64,21.24,22.99,22.31,20.49,19.58,19.5,21.83,24.62,24.51
Low REP,28.26,28.6,29.29,32.91,32.56,25.26,23.6,24.72,24.3,24.66,25.98,24.11,25.53,26.21,25.85,25.46,26.1,24.99,20.82,19.35,20.09,21.54,19.8,20.03,20.3,19.69,18.4,18.21,19.2,21.98,23.42
Open ELF,0.4898,0.5053,0.7277,0.7786,0.649,0.8312,0.7653,0.8179,0.8937,0.8219,0.8019,0.8091,0.7208,0.7223,0.7512,0.7749,0.9993,0.9239,0.8485,0.8564,0.7477,0.8418,0.7792,0.711,0.6725,0.6429,0.6172,0.5657,0.5673,0.6326,0.6757
High ELF,0.5674,0.836,0.922,0.7917,0.8933,0.7959,1.005,0.9845,0.9413,0.8623,0.8425,0.8023,0.7552,0.8413,0.8163,1.276,1.059,0.9044,0.9668,0.8339,0.8578,0.8713,0.7245,0.7199,0.7045,0.6438,0.6061,0.5821,0.6722,0.723,0.6769
Low ELF,0.4723,0.5248,0.7078,0.6383,0.6435,0.6881,0.7244,0.7684,0.7802,0.7849,0.7832,0.7103,0.7106,0.7491,0.7153,0.7222,0.9019,0.8432,0.7416,0.7353,0.8067,0.7622,0.6996,0.6676,0.6404,0.6025,0.5595,0.5562,0.5708,0.6595,0.6441
Open MTL,4.61,4.303,4.278,4.171,4.142,4.099,3.246,3.359,3.482,3.209,3.358,3.419,3.218,3.337,3.526,3.43,3.406,3.529,3.648,2.99,2.807,3.097,3.13,2.852,2.917,2.804,2.723,2.698,2.715,2.914,3.184
High MTL,4.678,4.51,4.271,4.241,4.3,4.181,3.584,3.526,3.306,3.358,3.501,3.344,3.378,3.836,3.534,3.783,3.566,3.875,3.251,3.191,3.341,3.19,2.988,3.145,3.086,2.759,2.798,2.879,3.009,3.391,3.328
Low MTL,4.235,4.152,4.046,3.992,3.966,3.032,3.155,3.31,3.099,3.184,3.301,3.093,3.271,3.487,3.342,3.207,3.403,3.385,2.906,2.667,3.022,3.044,2.741,2.828,2.792,2.685,2.608,2.672,2.798,3.1,3.096
Open LSK,4.183,4.039,4.263,4.225,4.577,4.537,3.592,3.56,3.574,3.354,3.551,3.627,3.484,3.581,3.789,3.609,3.514,3.58,3.605,3.035,2.757,3.073,3.099,2.911,3.16,2.793,2.642,2.557,2.594,3.003,3.166
High LSK,4.223,4.304,4.365,4.717,4.73,4.744,3.687,3.799,3.7,3.959,3.77,3.617,3.667,3.8,3.787,3.613,3.601,3.665,3.236,3.008,3.123,3.255,2.997,3.101,3.16,2.761,2.636,2.76,3.367,3.332,3.228
Low LSK,3.973,4.016,4.159,4.197,4.388,3.194,3.426,3.445,3.26,3.413,3.599,3.381,3.527,3.628,3.58,3.409,3.504,3.445,2.943,2.734,2.888,3.068,2.813,2.853,2.8,2.636,2.534,2.581,2.675,3.108,3.092
Open DENT,0.006433,0.007197,0.006737,0.006763,0.007075,0.006835,0.00515,0.00504,0.005102,0.00475,0.004769,0.00504,0.004665,0.004914,0.00517,0.00489,0.004724,0.004844,0.004727,0.003945,0.003643,0.00428,0.00429,0.003927,0.004183,0.003983,0.003865,0.004352,0.004162,0.004411,0.004816
High DENT,0.007348,0.007486,0.006997,0.007193,0.007425,0.006077,0.005425,0.005273,0.004878,0.0049,0.00521,0.004928,0.005017,0.005387,0.00514,0.004792,0.004913,0.00476,0.004272,0.003754,0.00431,0.004416,0.004045,0.004476,0.004412,0.003894,0.004464,0.004647,0.004531,0.005065,0.005307
Low DENT,0.006288,0.006461,0.006608,0.006758,0.006403,0.00467,0.004725,0.004862,0.004557,0.004704,0.004802,0.0046,0.004776,0.005097,0.004854,0.004588,0.004707,0.004627,0.003827,0.003533,0.004003,0.004227,0.003869,0.003861,0.003953,0.003777,0.00365,0.004105,0.004291,0.004767,0.004747
Open CVC,0.3521,0.357,0.3929,0.948,0.6256,0.6369,0.5067,0.5322,0.5813,0.527,0.5258,0.5196,0.4925,0.5051,0.5315,0.536,0.5501,0.537,0.4993,0.4202,0.3816,0.43,0.5307,0.4811,0.4565,0.4348,0.4144,0.3987,0.3969,0.4348,0.4775
High CVC,0.3662,0.4003,0.9613,0.9615,0.6574,0.6829,0.5461,0.6458,0.5869,0.5529,0.5321,0.5714,0.5197,0.5389,0.5527,0.6156,0.5628,0.5374,0.5053,0.4315,0.4324,0.5375,0.5349,0.4959,0.4565,0.4487,0.4276,0.4141,0.456,0.4789,0.4899
Low CVC,0.3469,0.3468,0.392,0.3505,0.3091,0.3284,0.4615,0.5202,0.5057,0.5183,0.497,0.4616,0.4884,0.4967,0.5092,0.5212,0.5279,0.4878,0.4002,0.3742,0.3724,0.4118,0.4459,0.445,0.4063,0.4139,0.3981,0.3882,0.393,0.4332,0.4643
Open AR,61.44,56.92,58.67,53.28,49.98,57.07,47.37,54.87,64.9,62.61,61.11,59.91,54.22,55.52,57.25,53.02,48.91,49.76,49.76,40.31,37.05,46.93,52.35,47.52,45.03,43.2,40.93,38.38,40.66,43.38,48.89
High AR,62.88,65.03,59.42,59.24,64.6,51.82,59.57,70.66,71.36,64.63,62.95,58.49,59.62,59.17,57.75,52.69,52.76,53.54,46.53,40.71,48.28,55.35,50.22,47.76,46.14,44.21,40.64,44.28,44.09,51.44,49.5
Low AR,55.84,56.72,52.83,49.35,50.36,42.43,45.91,54.65,58.17,59.66,59.08,51.16,54.25,55.37,52.88,48.24,48.41,48.24,39.62,34.91,38.69,48.22,45.21,44.86,42.31,40.63,37.97,38.59,41.87,47.16,46.5
Open ACH,0.0923,0.1068,0.09784,0.09485,0.0902,0.09314,0.1011,0.08317,0.08073,0.07381,0.07694,0.07678,0.0755,0.07555,0.07662,0.07752,0.0773,0.08118,0.0848,0.07096,0.0692,0.07359,0.07399,0.06666,0.06785,0.06233,0.061,0.05977,0.06125,0.06291,0.07312
High ACH,0.1068,0.1068,0.09784,0.09485,0.09314,0.1011,0.1011,0.08857,0.08189,0.0844,0.082,0.08151,0.0786,0.0791,0.0927,0.082,0.08198,0.08888,0.08504,0.07586,0.075,0.0756,0.07402,0.06805,0.06785,0.06527,0.06219,0.069,0.065,0.07699,0.0752
Low ACH,0.0923,0.09784,0.09485,0.0902,0.0902,0.09314,0.07801,0.079,0.072,0.07339,0.0752,0.07067,0.07365,0.0738,0.07525,0.0753,0.07575,0.07975,0.068,0.068,0.06856,0.07111,0.0595,0.06264,0.05752,0.06091,0.05784,0.05866,0.06078,0.06284,0.0708
Open XEM,0.2008,0.2034,0.2073,0.2171,0.2422,0.2367,0.1901,0.1871,0.1916,0.1818,0.1834,0.188,0.1807,0.1855,0.19,0.1918,0.183,0.1844,0.1806,0.157,0.1439,0.1623,0.1622,0.1567,0.1541,0.1503,0.1461,0.1414,0.1476,0.1508,0.1594
High XEM,0.2057,0.2106,0.2203,0.2422,0.2425,0.2369,0.1944,0.195,0.1987,0.187,0.1909,0.189,0.1859,0.1922,0.1927,0.1918,0.1888,0.1862,0.1806,0.1642,0.163,0.1667,0.1732,0.1697,0.1586,0.1556,0.159,0.1627,0.1512,0.1619,0.1602
Low XEM,0.1978,0.1972,0.2066,0.2169,0.2189,0.1756,0.1749,0.1866,0.1759,0.1771,0.1798,0.1698,0.1779,0.1827,0.1869,0.1812,0.182,0.1795,0.1545,0.1416,0.1401,0.1588,0.1437,0.1488,0.1396,0.1461,0.141,0.1407,0.1428,0.148,0.1552
Open WBTC,48888.85,49330.05,50019.51,49935.29,51784.16,52693.32,46903.17,46073.45,46392.85,44848.61,45161.6,46049.72,44949.57,47129.01,48196.6,47812.23,47297.98,48312.46,47237.58,42925.46,40701.45,43571.79,44880.4,42839.84,42713.37,43201.79,42183.29,41056.79,41539.43,43829.34,48169.67
High WBTC,49330.05,50169.57,50184.97,51939.51,52851.4,46903.17,46119.52,46439.24,44853.1,45256.45,46141.82,44958.56,47176.14,48196.6,47812.23,47345.28,48360.77,47299.01,42925.46,40709.59,43576.15,44938.76,42848.41,42721.91,43201.79,42187.51,41138.9,41664.05,43917.0,48357.01,48829.55
Low WBTC,49256.13,49984.5,49935.29,51768.62,52661.7,46781.34,46036.59,46369.65,44821.7,45134.5,46022.09,44927.09,47105.45,48148.45,47764.47,47274.33,48307.63,47223.41,42891.12,40656.67,43554.36,44862.44,42775.57,42679.19,43016.02,42183.29,41040.37,41539.43,43820.57,48154.72,46885.85
Open ICX,1.425,1.446,1.538,1.654,1.792,1.744,1.377,1.403,1.583,1.783,1.744,1.746,1.929,2.077,2.166,2.052,1.881,1.928,1.797,1.657,1.461,1.657,1.706,1.592,1.55,1.641,1.511,1.407,1.432,1.528,1.911
High ICX,1.472,1.595,1.685,1.792,1.839,1.747,1.415,1.656,2.332,1.831,1.89,1.957,2.093,2.218,2.222,2.052,1.995,1.938,1.801,1.694,1.692,1.725,1.77,1.613,1.687,1.663,1.523,1.512,1.553,1.998,2.07
Low ICX,1.406,1.416,1.527,1.615,1.667,1.22,1.204,1.403,1.578,1.695,1.633,1.528,1.803,1.96,1.986,1.842,1.821,1.78,1.48,1.429,1.43,1.592,1.473,1.516,1.437,1.503,1.402,1.388,1.424,1.523,1.842
Open BAT,0.8651,0.8499,0.8796,0.9204,0.984,0.9556,0.775,0.7684,0.8104,0.7617,0.7723,0.8098,0.7536,0.7815,0.7929,0.7749,0.7508,0.7554,0.739,0.6483,0.6056,0.6864,0.7023,0.6523,0.6435,0.6388,0.6068,0.5808,0.5942,0.6319,0.68
High BAT,0.8704,0.887,0.9509,1.003,0.9895,0.957,0.7978,0.842,0.8407,0.7952,0.8146,0.8147,0.7849,0.7986,0.8085,0.7803,0.7736,0.7556,0.7405,0.6747,0.6867,0.7166,0.7049,0.659,0.6559,0.6535,0.617,0.6075,0.6418,0.6818,0.687
Low BAT,0.8413,0.8319,0.8773,0.9084,0.9195,0.6976,0.7015,0.7598,0.7387,0.7556,0.7586,0.7178,0.7483,0.7739,0.7568,0.7394,0.7412,0.7256,0.6319,0.5994,0.5955,0.6752,0.6149,0.6302,0.5971,0.6068,0.5794,0.5783,0.5914,0.6213,0.6695
Open ZEN,92.7,92.8,105.39,103.52,108.02,105.65,81.86,80.77,88.42,79.08,80.62,84.36,80.48,85.49,108.39,102.69,93.84,95.66,92.47,75.98,68.39,78.87,78.25,67.87,67.63,65.97,65.26,63.23,65.01,69.12,75.32
High ZEN,94.77,106.39,109.06,111.34,112.76,93.95,81.5,88.42,85.49,83.69,85.56,82.95,86.91,118.35,115.0,101.88,98.46,94.08,84.18,74.25,79.0,81.84,74.94,69.38,69.94,67.71,64.99,65.92,70.65,77.35,75.64
Low ZEN,90.43,94.04,101.67,106.16,105.12,77.5,74.09,79.47,77.6,78.09,81.6,77.91,82.15,86.43,98.07,93.56,94.55,91.24,75.29,68.07,71.99,76.54,67.66,66.39,64.2,63.53,62.16,63.8,68.51,73.11,73.08
Open ZRX,1.122,1.119,1.178,1.245,1.312,1.291,1.015,1.006,1.068,1.007,1.03,1.063,1.012,1.064,1.083,1.143,1.082,1.115,1.067,0.9037,0.8438,0.971,0.9956,0.9181,0.9074,0.8969,0.8523,0.8159,0.8334,0.9143,0.9806
High ZRX,1.143,1.178,1.247,1.312,1.314,1.291,1.046,1.077,1.109,1.047,1.076,1.066,1.067,1.084,1.247,1.146,1.133,1.122,1.067,0.9447,0.9723,0.997,0.9978,0.923,0.9632,0.9292,0.8694,0.8665,0.9143,0.9885,0.9932
Low ZRX,1.093,1.086,1.16,1.215,1.241,0.9159,0.8865,0.9855,0.9741,0.9889,0.9873,0.945,0.9835,1.031,1.057,1.058,1.059,1.046,0.8761,0.8261,0.825,0.936,0.8402,0.8709,0.8169,0.8515,0.8118,0.8113,0.8289,0.8842,0.9639
Open RSR,0.04844,0.04949,0.04863,0.04856,0.05113,0.0492,0.03921,0.03889,0.03887,0.03623,0.03637,0.03775,0.03567,0.03712,0.04075,0.04176,0.03925,0.03938,0.03702,0.03053,0.02792,0.0309,0.03619,0.03213,0.03144,0.03021,0.02865,0.02732,0.02826,0.03019,0.03352
High RSR,0.05133,0.05088,0.05051,0.05232,0.05271,0.04958,0.04052,0.04193,0.04004,0.03887,0.03859,0.03817,0.03763,0.04124,0.04577,0.04183,0.04099,0.03938,0.03712,0.03211,0.03143,0.03735,0.03696,0.03302,0.03152,0.03154,0.0297,0.02978,0.03069,0.03361,0.0346
Low RSR,0.04792,0.04802,0.04822,0.04823,0.04423,0.0341,0.03504,0.0375,0.03508,0.03551,0.03554,0.03289,0.03522,0.03706,0.03862,0.03886,0.03834,0.03638,0.02974,0.02691,0.02759,0.03021,0.02995,0.0306,0.02832,0.0286,0.02718,0.02717,0.02808,0.02969,0.03312
Open LTO,0.3106,0.3041,0.3116,0.3231,0.3335,0.3494,0.2858,0.2944,0.3206,0.2942,0.3049,0.3044,0.2828,0.2936,0.3033,0.2985,0.281,0.2976,0.2934,0.243,0.2292,0.2601,0.2703,0.2451,0.285,0.2847,0.2573,0.2357,0.2393,0.2494,0.2688
High LTO,0.3144,0.3176,0.3456,0.3501,0.3683,0.3463,0.3036,0.3312,0.318,0.3229,0.3237,0.299,0.3134,0.3101,0.3186,0.2956,0.3522,0.3284,0.2674,0.241,0.2741,0.2927,0.2708,0.3119,0.3672,0.2797,0.2546,0.2509,0.2546,0.2914,0.2702
Low LTO,0.3011,0.3061,0.3096,0.3304,0.3262,0.2769,0.2668,0.2844,0.2862,0.2877,0.3016,0.2769,0.288,0.2966,0.2952,0.2791,0.2855,0.2887,0.2404,0.2154,0.2401,0.2613,0.2434,0.2345,0.2635,0.2523,0.234,0.2364,0.2463,0.263,0.2606
Open UTK,0.4515,0.4481,0.461,0.4622,0.5001,0.4962,0.3997,0.4042,0.3986,0.3871,0.3854,0.3906,0.3683,0.3728,0.3962,0.3851,0.3596,0.4047,0.3975,0.3518,0.3166,0.3575,0.3909,0.3793,0.3709,0.3723,0.3443,0.3265,0.3307,0.34,0.3641
High UTK,0.4666,0.5098,0.4843,0.5166,0.54,0.6723,0.4315,0.4034,0.3983,0.4057,0.4103,0.3998,0.3938,0.4096,0.3973,0.3729,0.47,0.5143,0.372,0.3301,0.3781,0.4369,0.3878,0.4128,0.3993,0.3584,0.3389,0.3447,0.3481,0.3864,0.3715
Low UTK,0.4405,0.4562,0.4513,0.4664,0.4927,0.3784,0.3323,0.3897,0.371,0.3828,0.3879,0.3568,0.3618,0.3839,0.3833,0.3548,0.3608,0.3885,0.3352,0.3091,0.3485,0.3555,0.3476,0.3648,0.3643,0.3437,0.3243,0.325,0.3358,0.3619,0.3565
Open XMR,303.0,302.78,304.02,305.4,315.37,315.16,262.44,256.86,261.56,249.25,249.77,256.31,263.46,269.01,269.34,264.14,262.79,272.0,259.98,232.1,217.84,245.12,249.16,233.87,236.17,234.33,234.48,230.04,234.03,251.19,257.68
High XMR,308.5,308.77,308.7,328.88,327.01,281.28,266.17,265.37,257.32,255.91,257.56,269.44,286.31,277.38,269.87,263.92,272.68,270.42,239.7,223.09,246.03,257.51,242.31,241.46,242.79,239.03,235.21,236.94,255.31,276.99,258.31
Low XMR,297.61,301.07,301.51,312.98,312.21,249.04,252.44,258.36,247.68,248.96,252.77,247.72,263.97,267.66,263.61,258.96,265.28,259.93,227.42,215.52,230.39,248.22,232.58,233.05,231.04,228.7,226.43,232.04,244.22,256.23,251.77
Open IOST,0.04384,0.04469,0.05216,0.05885,0.06118,0.06415,0.05397,0.07878,0.08078,0.07452,0.07274,0.07304,0.06673,0.07439,0.07957,0.07303,0.06906,0.07019,0.06661,0.05559,0.05211,0.06567,0.06615,0.06073,0.05915,0.05859,0.0563,0.0525,0.05362,0.05465,0.05732
High IOST,0.04723,0.05319,0.06196,0.07047,0.06447,0.05634,0.0827,0.08656,0.07738,0.07771,0.0759,0.07234,0.07735,0.0859,0.07902,0.06981,0.07188,0.06824,0.05939,0.05485,0.06666,0.06915,0.06295,0.06164,0.06364,0.05771,0.05483,0.05494,0.05711,0.06029,0.05789
Low IOST,0.04318,0.04625,0.05061,0.05905,0.05912,0.05044,0.05337,0.07321,0.06833,0.07183,0.07042,0.06522,0.06827,0.07704,0.0726,0.06624,0.06799,0.06624,0.05363,0.05007,0.05668,0.06331,0.05926,0.0583,0.05847,0.05472,0.05152,0.05214,0.05125,0.05658,0.05506
Open MLN,115.26,116.7,113.35,111.12,114.27,120.73,100.47,103.09,109.92,102.13,108.88,109.02,102.28,125.74,126.8,119.72,112.03,120.46,123.66,103.22,158.18,153.64,143.19,130.75,137.08,162.16,147.41,138.63,138.11,138.82,143.52
High MLN,119.27,116.7,115.91,116.29,129.5,121.0,110.9,119.72,113.66,109.78,116.23,109.86,150.4,144.53,131.5,120.04,136.32,128.9,127.66,233.12,220.27,163.8,145.07,139.22,188.47,173.91,149.23,149.44,144.76,148.25,144.66
Low MLN,111.81,112.23,109.55,110.67,111.69,89.81,92.25,102.99,99.54,101.86,106.06,100.06,101.84,124.59,118.02,108.11,111.42,116.45,101.37,99.14,148.46,141.67,125.2,128.24,136.25,143.94,130.58,135.7,137.02,136.97,141.05
Open VET,0.1373,0.1431,0.143,0.1449,0.1541,0.1501,0.1226,0.1184,0.1217,0.1126,0.1155,0.12,0.1126,0.1176,0.122,0.1166,0.1114,0.113,0.1082,0.0917,0.08571,0.0995,0.1017,0.0924,0.0901,0.0916,0.0863,0.0818,0.08447,0.09611,0.1083
High VET,0.1483,0.1478,0.1529,0.1542,0.1572,0.1531,0.1265,0.1277,0.127,0.1195,0.1245,0.1222,0.1184,0.1235,0.1233,0.1179,0.1162,0.1141,0.1085,0.09759,0.0997,0.1034,0.1031,0.0941,0.0934,0.0943,0.0887,0.08759,0.09611,0.1112,0.1097
Low VET,0.1345,0.1388,0.142,0.144,0.1458,0.1005,0.106,0.1171,0.1101,0.1112,0.1128,0.1088,0.1117,0.1153,0.1142,0.1105,0.1102,0.1066,0.08792,0.0842,0.0848,0.09711,0.08781,0.0888,0.08421,0.0863,0.08094,0.0816,0.08442,0.09527,0.1061
Open SRM,8.72,8.83,9.234,8.804,8.731,9.076,8.309,8.859,10.79,11.46,11.84,12.49,11.24,10.47,10.7,10.24,9.68,10.73,9.883,8.037,7.109,8.309,8.637,7.832,7.547,7.622,7.459,6.947,6.992,7.464,8.248
High SRM,9.272,9.827,9.313,8.81,9.242,10.64,10.36,12.16,11.75,13.71,12.97,12.7,11.28,11.1,10.94,10.48,10.81,11.18,9.933,8.348,8.335,8.73,8.637,7.911,8.168,8.199,7.576,7.422,7.49,8.347,8.534
Low SRM,8.541,8.83,8.619,8.383,7.8,7.027,7.195,8.231,9.477,11.26,11.55,10.05,9.831,10.13,9.965,9.378,9.413,9.677,7.902,6.802,6.864,7.892,7.213,7.331,6.812,7.437,6.897,6.813,6.936,7.371,8.071
Open JST,0.07873,0.08303,0.08608,0.08726,0.09138,0.09259,0.07451,0.07909,0.08355,0.0785,0.08258,0.09048,0.08299,0.09291,0.09439,0.09776,0.0884,0.08985,0.08548,0.07218,0.06688,0.07454,0.07505,0.06805,0.06646,0.06364,0.0616,0.05814,0.05947,0.06383,0.06888
High JST,0.0875,0.09357,0.08757,0.09367,0.09326,0.08419,0.08392,0.08355,0.07946,0.08264,0.09388,0.09018,0.09569,0.09794,0.09948,0.09591,0.09067,0.08748,0.07618,0.06914,0.07479,0.07669,0.06993,0.06848,0.06983,0.06207,0.05935,0.06072,0.06386,0.07081,0.06947
Low JST,0.07769,0.08545,0.08392,0.08865,0.08949,0.07348,0.07507,0.07674,0.07488,0.07888,0.08418,0.08263,0.08621,0.09414,0.09309,0.08749,0.08778,0.08475,0.07134,0.0652,0.07208,0.07328,0.06729,0.066,0.06358,0.06019,0.05795,0.05836,0.06068,0.0682,0.06741
Open HBAR,0.2645,0.2746,0.2858,0.3182,0.3075,0.3128,0.2707,0.3187,0.3304,0.3164,0.3634,0.4232,0.4316,0.4565,0.5051,0.4775,0.4258,0.4298,0.3968,0.3395,0.3055,0.3668,0.3831,0.3501,0.3417,0.3343,0.3194,0.3034,0.3104,0.3382,0.3651
High HBAR,0.2783,0.2862,0.3196,0.3182,0.3191,0.3444,0.325,0.4878,0.3382,0.3929,0.4243,0.446,0.4867,0.5717,0.5745,0.4775,0.453,0.4298,0.4069,0.355,0.3808,0.3934,0.3845,0.3578,0.346,0.3523,0.326,0.3267,0.3434,0.3699,0.3946
Low HBAR,0.2604,0.2656,0.2773,0.2972,0.2966,0.2578,0.2446,0.3052,0.2921,0.3128,0.3479,0.3674,0.4015,0.4221,0.46,0.4151,0.409,0.3885,0.3131,0.288,0.299,0.3558,0.3159,0.3253,0.3067,0.3191,0.3022,0.3004,0.3086,0.3278,0.3574
Open NEAR,5.495,5.49,6.166,6.082,6.142,6.091,8.659,10.36,9.752,9.926,9.051,8.957,8.209,8.62,9.245,8.727,8.31,9.068,10.06,7.666,6.697,7.791,9.176,7.978,7.626,7.305,6.898,6.417,6.65,6.929,7.827
High NEAR,5.628,6.798,6.281,6.38,6.502,8.842,10.99,11.88,10.02,10.04,9.799,8.785,9.393,9.707,9.328,8.812,9.474,10.29,9.452,7.56,7.809,9.455,8.857,8.425,7.755,7.408,6.865,7.19,7.135,8.106,7.989
Low NEAR,5.416,5.567,5.99,6.059,6.049,5.323,7.621,9.645,8.589,8.807,8.602,7.98,8.493,8.729,8.578,8.154,8.329,8.623,7.486,6.514,6.95,7.614,7.786,7.562,7.029,6.839,6.372,6.476,6.719,7.533,7.524
Open AXS,73.94,72.69,73.98,82.44,82.36,79.06,64.29,67.95,69.11,65.44,68.9,69.93,64.96,66.64,68.76,67.31,65.84,66.15,63.69,54.9,50.53,61.73,67.32,68.25,65.32,63.79,63.76,69.09,69.38,74.63,110.37
High AXS,74.66,77.58,94.73,92.28,85.1,80.24,70.08,72.16,71.23,71.32,70.8,71.47,67.5,69.79,70.98,68.09,67.72,66.54,63.83,56.87,63.91,69.17,70.96,69.07,65.49,67.19,72.94,75.2,78.88,117.54,120.54
Low AXS,71.51,72.98,72.76,81.87,74.11,56.38,62.25,66.76,62.7,65.08,66.13,61.34,64.1,65.5,65.69,64.41,64.7,62.99,52.15,48.15,49.44,61.07,63.5,64.48,58.3,62.8,63.01,67.77,68.79,74.11,108.81
Open SUSHI,13.86,13.11,13.07,13.1,14.29,13.62,10.89,11.31,11.0,10.13,10.57,11.87,11.08,13.2,15.17,14.92,12.52,12.69,12.05,10.26,9.216,10.52,10.64,9.674,9.522,11.42,10.01,9.677,9.501,10.16,10.83
High SUSHI,13.94,13.56,13.32,14.29,14.31,13.81,11.64,11.92,11.39,10.88,11.94,12.05,13.23,15.76,16.13,15.24,13.29,12.71,12.1,10.87,10.68,10.91,10.65,9.822,11.58,11.95,10.4,10.08,10.17,10.97,10.89
Low SUSHI,12.93,12.78,12.83,12.99,13.27,9.525,10.09,10.95,9.798,10.06,10.34,10.08,10.98,12.63,14.36,12.32,12.11,11.78,9.917,8.909,9.071,10.13,8.956,9.071,8.518,9.969,9.603,9.227,9.456,10.05,10.5
Open MKR,3694.4,3549.81,3653.72,3549.43,3721.77,3620.08,3044.71,3019.18,2933.13,2780.18,2843.46,2875.35,2810.38,2919.53,3063.75,2967.32,2789.14,2838.91,2769.22,2415.3,2284.26,2528.37,2490.55,2297.67,2261.6,2352.78,2247.58,2226.19,2230.39,2289.19,2444.07
High MKR,3701.53,3749.16,3719.5,3722.03,3724.79,3622.46,3132.19,3094.34,2991.16,2919.33,2966.31,2898.25,2945.53,3078.77,3170.67,2994.41,2904.29,2876.29,2775.03,2545.32,2544.3,2568.79,2507.52,2326.15,2640.9,2480.12,2436.2,2313.74,2315.4,2472.74,2479.66
Low MKR,3546.74,3477.32,3542.05,3523.71,3550.78,2814.02,2811.89,2906.51,2716.25,2773.75,2790.98,2633.35,2788.76,2826.11,2914.41,2754.76,2755.44,2723.47,2390.38,2227.39,2263.63,2451.93,2153.18,2202.8,2164.15,2233.42,2184.61,2175.58,2215.63,2267.38,2386.52
Open QTUM,13.23,13.25,13.6,14.15,16.12,15.65,12.52,12.41,13.31,12.75,12.78,13.44,12.52,12.86,13.08,12.71,12.46,12.57,12.17,10.37,9.299,10.79,10.94,9.947,9.712,9.505,9.243,8.664,9.07,10.41,11.59
High QTUM,13.81,14.09,14.49,16.6,16.98,16.26,12.83,13.81,13.32,13.27,13.73,13.19,13.13,13.53,12.97,12.61,12.62,12.29,12.18,9.647,10.94,11.2,10.2,9.978,10.19,9.287,8.936,9.117,10.51,12.01,12.66
Low QTUM,13.0,13.43,13.34,13.94,15.27,10.62,11.9,12.15,12.07,12.74,12.89,12.33,12.76,13.08,12.52,11.98,12.33,12.04,9.929,9.249,10.14,10.61,9.842,9.58,9.502,9.014,8.661,8.709,9.034,10.4,11.45
Open EGLD,176.52,172.25,174.54,171.82,176.39,179.94,158.4,172.24,200.71,235.21,229.61,265.92,260.98,280.65,258.8,266.38,241.6,247.79,224.87,185.23,199.46,230.39,245.93,238.19,218.41,223.4,212.29,200.07,203.21,210.06,241.98
High EGLD,180.88,179.0,179.59,178.16,186.86,181.93,175.11,217.72,239.94,248.49,295.57,289.25,306.1,292.16,272.21,275.84,253.55,244.91,205.78,228.87,234.7,263.44,249.9,237.79,234.09,221.95,214.07,211.44,215.47,247.95,258.93
Low EGLD,171.29,167.63,171.05,168.15,173.78,136.13,138.02,169.16,195.57,220.82,224.88,250.5,270.0,256.63,247.04,240.46,236.01,224.78,179.43,171.04,192.79,231.52,213.54,216.86,201.06,208.32,198.63,199.18,204.9,205.67,232.79
Open ZEC,151.6,150.65,156.46,160.09,172.86,171.26,136.07,135.22,137.42,128.01,128.36,131.38,127.68,133.71,139.93,137.94,134.14,138.8,133.43,118.49,111.42,121.32,122.65,110.63,110.91,111.12,104.58,100.75,103.64,106.94,114.94
High ZEC,153.02,158.26,161.99,180.21,178.84,171.75,137.34,143.46,136.22,131.93,133.87,131.14,134.51,140.16,146.26,137.45,143.72,138.73,133.78,120.76,121.71,125.3,117.49,112.36,113.53,108.72,104.94,106.55,109.88,119.45,115.39
Low ZEC,149.76,148.96,156.1,166.02,170.67,120.56,125.27,131.82,125.1,127.55,129.77,122.87,130.5,133.32,133.89,133.33,132.76,133.01,115.34,108.37,117.92,121.8,109.69,108.68,106.84,104.16,100.26,101.94,106.24,113.48,112.06
Open DASH,238.75,239.11,247.4,251.77,264.15,255.52,206.82,201.71,202.46,192.96,193.81,203.91,196.51,205.58,208.87,208.25,198.79,199.39,192.83,169.53,157.14,175.48,184.65,165.69,164.61,162.14,153.6,147.31,152.57,166.07,176.99
High DASH,245.94,249.05,254.52,275.75,269.68,256.47,206.87,207.24,207.09,201.26,205.93,205.46,210.38,211.95,220.14,206.36,206.54,197.32,193.32,176.75,176.27,188.46,176.36,171.49,166.8,159.51,153.43,158.27,168.83,184.37,177.5
Low DASH,236.11,240.29,246.98,258.97,255.35,187.14,191.39,198.42,186.95,192.45,194.84,190.08,199.54,205.4,203.02,196.85,198.9,191.98,167.87,155.24,165.28,176.84,163.98,163.11,157.73,152.85,145.71,148.88,159.19,174.79,172.09
Open REN,0.8698,0.8067,0.8221,0.8418,0.8491,0.8049,0.6745,0.6688,0.7289,0.7091,0.705,0.7304,0.6657,0.8236,1.083,0.9944,0.9412,0.9757,0.8899,0.7439,0.7124,0.8345,0.9101,1.119,1.021,1.161,1.026,0.9266,0.921,0.9396,1.045
High REN,0.9098,0.865,0.8664,0.8798,0.8651,0.8252,0.7005,0.7618,0.8193,0.7364,0.7698,0.7346,0.8285,1.149,1.157,1.031,1.097,0.9757,0.8943,0.852,0.8406,0.9102,1.159,1.174,1.177,1.163,1.043,1.018,0.9769,1.063,1.149
Low REN,0.7964,0.7882,0.8059,0.8301,0.765,0.5822,0.6118,0.6599,0.6903,0.6941,0.6841,0.6299,0.6593,0.8177,0.9695,0.9182,0.924,0.8858,0.7161,0.6908,0.6946,0.7935,0.8846,1.0,0.9248,1.021,0.9245,0.8942,0.9024,0.9098,1.024
Open NEO,55.29,55.39,57.22,57.97,65.82,63.65,49.76,49.07,50.6,48.04,48.96,51.58,48.42,51.79,52.53,50.63,48.72,49.67,48.1,41.43,37.43,42.94,43.87,39.79,39.09,38.71,37.37,35.84,37.03,39.16,42.4
High NEO,55.98,58.72,58.77,66.75,67.76,57.07,50.31,51.5,53.01,49.55,51.62,50.35,53.16,53.49,52.64,50.28,50.53,49.28,43.74,39.53,42.97,44.71,42.03,40.23,39.53,38.04,36.85,38.21,39.54,43.69,43.15
Low NEO,54.36,55.67,56.98,59.81,63.6,46.76,45.97,48.85,46.54,47.56,49.0,46.94,50.48,51.86,50.01,48.39,49.28,47.72,41.1,37.33,39.28,43.13,39.46,38.6,37.62,37.16,35.79,36.09,38.44,41.9,41.73
Open KAVA,8.164,8.164,8.06,8.057,7.997,7.83,6.148,6.224,6.741,6.333,6.281,6.804,6.283,6.392,6.48,6.402,6.125,6.276,6.012,5.135,4.68,5.507,6.066,6.348,5.894,5.645,5.562,5.11,5.088,5.39,5.84
High KAVA,8.366,8.172,8.189,8.057,8.123,7.888,6.37,6.88,7.125,6.505,6.835,6.866,6.392,6.598,6.711,6.628,6.371,6.312,6.03,5.331,5.617,6.073,6.489,6.348,5.93,6.09,5.569,5.404,5.509,5.897,5.987
Low KAVA,7.948,7.95,7.87,7.844,7.413,5.741,5.458,6.068,6.03,6.168,6.279,5.923,6.09,6.22,6.22,6.034,6.07,5.926,4.963,4.61,4.57,5.343,5.42,5.782,5.32,5.554,5.1,4.98,5.061,5.37,5.7
Open FET,0.7076,0.7077,0.7349,0.7035,0.6708,0.8098,0.9063,0.8912,0.8967,0.791,0.9495,0.873,0.8938,0.9097,0.9522,0.9052,0.8247,0.8348,0.7652,0.6785,0.6018,0.7407,0.8465,0.8139,0.8352,0.8116,0.7366,0.6841,0.6975,0.7224,0.7887
High FET,0.7342,0.7734,0.7349,0.7035,0.842,1.13,1.189,1.033,0.9417,0.9649,0.9836,0.9262,0.9989,0.98,1.121,0.899,0.8876,0.8465,0.7653,0.7203,0.7436,0.8686,0.863,0.8813,0.873,0.8306,0.7549,0.753,0.7752,0.8199,0.85
Low FET,0.6794,0.689,0.6963,0.6623,0.6643,0.745,0.8581,0.8264,0.7675,0.7578,0.838,0.7873,0.86,0.8703,0.8913,0.8286,0.807,0.76,0.6261,0.5826,0.5903,0.7049,0.697,0.7734,0.77,0.7343,0.6802,0.6723,0.6909,0.7142,0.7733
Open CHZ,0.3839,0.385,0.396,0.417,0.4252,0.4475,0.3426,0.3371,0.3464,0.3293,0.3328,0.3379,0.3217,0.3366,0.3471,0.3375,0.3253,0.3288,0.3162,0.2699,0.2534,0.2913,0.2958,0.2719,0.2666,0.2638,0.2544,0.2443,0.2493,0.2618,0.2873
High CHZ,0.3952,0.405,0.4453,0.4377,0.4498,0.4475,0.3511,0.3559,0.3664,0.3402,0.3447,0.3414,0.3483,0.3491,0.353,0.3452,0.3344,0.3293,0.3169,0.2819,0.2922,0.2999,0.2981,0.2768,0.2683,0.2717,0.2591,0.2625,0.2633,0.2883,0.2878
Low CHZ,0.3777,0.3767,0.3933,0.4088,0.4038,0.2911,0.3054,0.3317,0.3183,0.3242,0.3213,0.301,0.3186,0.3316,0.3303,0.3219,0.3223,0.3112,0.2672,0.2417,0.249,0.2837,0.2541,0.2586,0.2478,0.2541,0.2434,0.2435,0.2485,0.2579,0.28
Open CRV,2.313,2.206,2.207,2.273,2.482,2.488,1.99,1.985,2.382,2.145,2.271,2.429,2.364,2.792,3.014,3.107,2.804,2.885,3.043,2.392,2.199,2.451,2.79,2.43,2.311,2.546,2.37,2.228,2.289,2.335,2.536
High CRV,2.313,2.274,2.337,2.545,2.657,2.5,2.056,2.432,2.476,2.331,2.432,2.48,2.854,3.224,3.437,3.237,2.976,3.095,3.142,2.662,2.52,2.838,2.794,2.481,2.618,2.75,2.418,2.4,2.398,2.558,2.648
Low CRV,2.204,2.163,2.188,2.25,2.366,1.656,1.822,1.912,2.058,2.123,2.203,2.048,2.358,2.718,2.923,2.775,2.699,2.681,2.349,2.132,2.149,2.356,2.251,2.269,2.067,2.361,2.221,2.213,2.254,2.286,2.458
Open RVN,0.1356,0.1349,0.138,0.1554,0.1525,0.1447,0.1176,0.1204,0.1201,0.1148,0.1176,0.1202,0.1142,0.118,0.1205,0.1175,0.1128,0.1138,0.1121,0.09486,0.08996,0.107,0.1064,0.09818,0.1037,0.09939,0.0959,0.09099,0.09196,0.09619,0.1065
High RVN,0.1402,0.144,0.1668,0.1571,0.1525,0.1451,0.1235,0.1241,0.1241,0.1224,0.1222,0.1211,0.1209,0.1233,0.1208,0.118,0.1161,0.114,0.1121,0.1032,0.1083,0.1085,0.1069,0.111,0.1073,0.1035,0.09778,0.0967,0.09619,0.1067,0.1162
Low RVN,0.1331,0.1311,0.1365,0.1452,0.1361,0.1017,0.1058,0.1151,0.11,0.1126,0.1141,0.1084,0.1128,0.1166,0.1147,0.1112,0.1114,0.1088,0.09056,0.08776,0.0888,0.1015,0.09159,0.09445,0.09502,0.09571,0.0909,0.09021,0.0914,0.0944,0.1032
Open GRT,0.921,0.907,0.9129,0.9504,1.024,1.065,0.8318,0.8228,0.8553,0.8081,0.8747,0.9237,0.8402,0.8588,0.9083,0.8565,0.8186,0.835,0.8127,0.6944,0.6569,0.7446,0.7341,0.6929,0.6831,0.6733,0.6615,0.6284,0.6337,0.646,0.7067
High GRT,0.9463,0.9365,0.9769,1.036,1.077,1.065,0.8627,0.9169,0.8942,0.9116,0.9574,0.9525,0.8791,0.9216,0.9214,0.865,0.8479,0.8407,0.8146,0.7369,0.7472,0.7476,0.8232,0.7,0.7399,0.7204,0.6788,0.6672,0.658,0.7266,0.7332
Low GRT,0.8939,0.882,0.9051,0.9348,0.9139,0.7159,0.744,0.7982,0.7829,0.8036,0.8318,0.7966,0.8079,0.8435,0.8363,0.8064,0.8029,0.8,0.6584,0.6302,0.6527,0.7093,0.6524,0.654,0.6235,0.6594,0.6252,0.6198,0.6298,0.6433,0.6954
Open NULS,0.6207,0.6026,0.6111,0.6456,0.6798,0.6875,0.5452,0.5355,0.5445,0.5071,0.552,0.5721,0.5289,0.5429,0.5531,0.5283,0.5064,0.5222,0.5193,0.445,0.4113,0.4464,0.4637,0.4191,0.5269,0.4535,0.4245,0.4043,0.4105,0.4714,0.4662
High NULS,0.6291,0.7013,0.7327,0.6917,0.7071,0.6043,0.5725,0.5479,0.5424,0.6111,0.5823,0.5519,0.5635,0.6037,0.5532,0.5336,0.5937,0.5596,0.4717,0.4303,0.4649,0.489,0.4426,0.6445,0.5577,0.4597,0.4127,0.4248,0.4945,0.5227,0.4767
Low NULS,0.6026,0.6032,0.599,0.6529,0.6592,0.5367,0.5173,0.5071,0.4882,0.5161,0.5483,0.5191,0.5257,0.5463,0.5247,0.4928,0.4982,0.4993,0.4331,0.4057,0.4464,0.4511,0.4162,0.4154,0.4504,0.4187,0.3987,0.4048,0.4171,0.4569,0.459
Open SHIB,7.18e-06,7.09e-06,7.07e-06,7.46e-06,7.55e-06,7.22e-06,5.97e-06,6.7e-06,7.32e-06,7.01e-06,6.76e-06,6.9e-06,6.5e-06,6.66e-06,6.79e-06,8.69e-06,8.45e-06,7.83e-06,8.11e-06,7.02e-06,6.88e-06,7.25e-06,7.65e-06,7.39e-06,7.33e-06,7.13e-06,6.98e-06,6.97e-06,7.03e-06,7.2e-06,7.71e-06
High SHIB,7.37e-06,7.24e-06,7.68e-06,7.58e-06,7.65e-06,7.25e-06,8.2e-06,7.92e-06,7.52e-06,7.1e-06,7.01e-06,6.97e-06,6.72e-06,6.9e-06,9.41e-06,9.64e-06,8.65e-06,8.42e-06,8.14e-06,7.33e-06,7.33e-06,7.74e-06,7.85e-06,7.6e-06,7.33e-06,7.27e-06,7.18e-06,7.18e-06,7.43e-06,7.8e-06,7.71e-06
Low SHIB,7.02e-06,6.89e-06,7.04e-06,7.27e-06,6.99e-06,5.09e-06,5.4e-06,6.55e-06,6.55e-06,6.73e-06,6.63e-06,6.19e-06,6.43e-06,6.6e-06,6.51e-06,8.11e-06,7.61e-06,7.36e-06,6.8e-06,6.6e-06,6.85e-06,7.1e-06,6.75e-06,7.11e-06,6.82e-06,6.9e-06,6.82e-06,6.91e-06,7e-06,7.16e-06,7.42e-06
Open MANA,0.9816,0.9666,0.9949,1.055,1.079,1.044,0.834,0.8522,0.8712,0.817,0.8316,0.8461,0.8197,0.8443,0.8613,0.8414,0.8169,0.8229,0.7995,0.6757,0.612,0.7335,0.764,0.702,0.6926,0.7118,0.6622,0.6203,0.6456,0.6892,0.7538
High MANA,0.9906,1.068,1.07,1.082,1.079,1.044,0.8837,0.8941,0.8991,0.8518,0.8746,0.8518,0.8594,0.8632,0.8817,0.8523,0.8378,0.8241,0.8005,0.6947,0.7387,0.7782,0.7719,0.7136,0.761,0.72,0.684,0.6617,0.6979,0.759,0.7657
Low MANA,0.9537,0.9443,0.9913,1.021,1.008,0.7419,0.757,0.8292,0.7922,0.8133,0.8127,0.7644,0.8108,0.8285,0.8275,0.8043,0.8069,0.7862,0.6671,0.5974,0.6013,0.7041,0.6396,0.6644,0.6584,0.6615,0.6166,0.6163,0.6416,0.6791,0.7384
Open AAVE,413.41,399.89,394.93,397.95,416.93,408.96,345.37,330.34,330.0,312.02,328.74,333.31,330.79,384.21,415.14,384.29,354.02,355.37,340.08,290.14,271.43,301.99,309.07,280.89,274.49,294.07,273.63,260.98,265.02,276.48,302.55
High AAVE,415.18,407.91,406.77,425.28,424.96,409.4,353.43,350.55,340.03,339.84,348.41,337.14,390.05,416.81,415.14,389.7,368.89,357.98,340.84,306.52,303.51,309.56,311.23,284.09,300.43,309.5,277.76,277.39,281.22,304.09,307.05
Low AAVE,399.36,387.32,390.57,395.23,396.32,311.52,312.28,325.1,304.51,310.96,321.96,303.65,327.74,376.87,371.18,350.65,347.22,335.24,287.76,260.07,266.14,294.57,262.24,268.18,252.46,273.12,259.93,259.36,263.84,272.12,297.11
Open KSM,387.79,401.44,407.11,397.64,402.78,395.02,329.65,341.04,389.15,385.6,418.92,434.85,404.94,417.42,429.34,409.99,388.77,419.31,400.45,332.15,305.88,349.13,358.71,332.93,327.21,324.59,315.67,317.69,322.97,331.37,348.56
High KSM,413.81,437.62,416.36,407.95,415.43,397.53,356.11,393.5,424.15,424.88,452.44,434.79,444.57,434.3,438.81,416.81,421.37,423.26,401.58,349.6,351.25,358.88,364.92,338.06,332.97,346.19,343.87,341.83,336.97,353.38,351.28
Low KSM,379.91,402.91,396.94,387.16,392.35,283.94,307.94,330.78,353.83,377.0,406.43,390.15,414.12,413.31,406.52,384.37,385.6,395.43,325.0,296.74,299.15,338.03,302.02,323.36,301.58,314.46,309.06,314.5,319.0,328.66,341.41
Open CAKE,24.2,23.46,23.44,24.13,24.46,24.57,20.82,20.13,20.52,19.05,19.63,20.43,19.44,20.85,22.59,22.32,21.32,22.42,22.77,19.09,17.9,20.23,20.08,18.85,18.5,18.66,18.45,18.12,18.53,18.9,19.97
High CAKE,25.09,23.96,24.5,25.06,25.71,22.49,20.56,20.9,20.56,20.87,20.76,20.05,20.86,23.13,23.03,22.13,22.87,23.55,20.78,18.81,20.26,20.88,19.21,19.11,20.04,18.9,18.27,19.18,19.56,20.92,20.26
Low CAKE,23.32,23.26,23.12,24.32,24.31,19.72,18.42,19.78,18.87,19.1,19.78,18.85,19.91,21.03,22.03,21.1,21.63,21.77,18.85,17.7,18.89,20.03,18.01,18.31,17.71,18.08,17.76,18.14,18.75,19.72,19.39
Open MIOTA,1.141,1.553,1.569,1.984,1.806,1.801,1.514,1.518,1.566,1.537,1.505,1.513,1.403,1.564,1.608,1.526,1.731,1.658,1.533,1.299,1.214,1.357,1.387,1.262,1.224,1.175,1.14,1.047,1.04,1.147,1.319
High MIOTA,1.658,1.662,2.084,1.987,1.975,1.876,1.722,1.624,1.746,1.57,1.549,1.523,1.569,1.653,1.635,1.753,1.734,1.661,1.536,1.347,1.369,1.4,1.39,1.272,1.23,1.218,1.156,1.115,1.155,1.347,1.338
Low MIOTA,1.133,1.495,1.55,1.737,1.766,1.283,1.428,1.482,1.495,1.476,1.455,1.317,1.383,1.517,1.476,1.473,1.607,1.5,1.292,1.195,1.214,1.33,1.203,1.216,1.118,1.14,1.045,1.02,1.01,1.137,1.197
Open FLOW,25.73,25.19,25.43,25.76,26.69,25.89,21.42,21.03,21.48,20.08,20.4,20.75,19.65,22.74,22.05,21.18,20.6,20.74,20.15,17.5,15.72,17.57,18.35,16.8,16.61,15.68,15.58,15.22,15.13,15.84,17.64
High FLOW,25.96,26.48,27.17,28.08,27.19,23.22,22.29,21.82,21.23,20.46,20.96,20.4,25.31,23.91,21.9,21.01,21.63,20.83,18.31,16.83,19.1,18.83,17.65,16.99,16.9,15.61,15.41,15.44,15.97,18.3,19.23
Low FLOW,24.85,24.9,25.13,25.92,25.75,20.78,19.29,20.81,19.62,19.88,20.35,19.2,20.49,21.81,21.09,20.48,20.63,19.92,17.25,15.63,16.3,17.92,16.44,16.43,15.66,15.27,14.85,14.97,15.57,16.86,17.64
Open ONT,1.11,1.165,1.187,1.226,1.323,1.287,0.9906,0.9936,1.028,0.9547,0.9823,1.015,0.9592,1.015,1.049,1.015,0.998,1.013,0.9736,0.836,0.7812,0.8729,0.9001,0.8232,0.8072,0.7849,0.7485,0.7124,0.7308,0.777,0.8462
High ONT,1.183,1.188,1.235,1.326,1.327,1.292,1.008,1.045,1.075,1.003,1.03,1.02,1.026,1.059,1.054,1.029,1.036,1.013,0.9764,0.869,0.8765,0.9016,0.917,0.8332,0.8088,0.8079,0.7584,0.7534,0.777,0.8518,0.8578
Low ONT,1.095,1.125,1.175,1.215,1.255,0.933,0.8848,0.9714,0.9288,0.9412,0.9579,0.9098,0.9519,0.992,0.9838,0.9697,0.9794,0.9624,0.8188,0.7688,0.7623,0.8601,0.7835,0.7924,0.7336,0.7479,0.7116,0.7094,0.7277,0.771,0.8283
Open RUNE,10.72,10.39,10.17,10.33,10.35,11.68,9.527,9.008,9.066,8.493,8.57,9.124,8.387,9.293,10.15,10.05,9.677,9.924,9.096,7.409,6.708,7.738,9.111,7.923,7.28,7.223,6.931,6.618,6.519,6.987,7.962
High RUNE,10.84,10.47,10.91,10.66,12.01,12.07,10.3,9.53,9.7,9.255,9.402,9.3,9.7,10.22,11.28,10.22,10.77,9.972,9.111,7.879,7.951,9.128,9.232,8.107,7.585,7.804,7.143,7.109,7.0,8.009,8.556
Low RUNE,10.31,9.996,10.04,10.22,10.32,6.978,8.05,8.601,8.143,8.364,8.315,7.811,8.323,9.096,9.772,9.246,9.416,8.915,7.076,6.481,6.587,7.47,7.362,7.261,6.68,6.931,6.505,6.337,6.459,6.862,7.867
Open ENJ,2.08,2.049,2.07,2.096,2.195,2.181,1.754,1.727,1.789,1.645,1.678,1.71,1.627,1.68,1.768,1.681,1.633,1.646,1.57,1.333,1.223,1.414,1.479,1.343,1.334,1.329,1.264,1.203,1.225,1.308,1.523
High ENJ,2.124,2.099,2.134,2.199,2.263,2.186,1.797,1.844,1.864,1.738,1.756,1.718,1.684,1.773,1.774,1.697,1.691,1.649,1.574,1.399,1.422,1.488,1.487,1.376,1.407,1.375,1.285,1.274,1.335,1.54,1.542
Low ENJ,2.032,1.992,2.034,2.065,2.104,1.435,1.528,1.687,1.607,1.632,1.636,1.516,1.602,1.663,1.641,1.603,1.608,1.552,1.301,1.187,1.198,1.378,1.256,1.286,1.257,1.259,1.197,1.194,1.218,1.292,1.492
Open WAVES,29.07,29.72,30.76,30.51,29.53,29.2,27.15,27.45,31.16,29.11,30.49,32.13,29.96,29.83,30.5,30.97,28.81,29.04,27.42,22.94,22.37,24.67,25.1,25.58,24.28,23.64,22.72,22.95,23.17,24.28,26.33
High WAVES,30.27,31.97,30.85,31.7,30.55,28.71,28.63,34.62,31.39,33.59,32.9,34.49,31.44,30.69,33.41,30.75,29.65,29.06,24.92,23.74,25.91,25.91,27.28,25.52,24.55,23.84,25.29,23.81,24.5,26.76,27.12
Low WAVES,28.1,30.04,30.06,29.52,29.13,23.0,24.98,27.04,27.88,29.11,30.32,29.02,29.21,29.46,29.49,28.7,28.89,27.09,22.78,21.4,23.15,24.63,24.01,24.03,23.24,22.62,21.97,22.85,23.83,25.7,26.03
Open ROSE,0.1309,0.1232,0.1255,0.1378,0.1704,0.2403,0.2816,0.2525,0.2566,0.2148,0.285,0.2542,0.2369,0.2418,0.2528,0.2512,0.2332,0.2406,0.2339,0.1859,0.1596,0.1922,0.1926,0.1705,0.1722,0.1642,0.1569,0.1478,0.1491,0.1563,0.1975
High ROSE,0.1321,0.1286,0.1403,0.1781,0.3104,0.336,0.3239,0.289,0.2507,0.2972,0.3076,0.2621,0.2625,0.2663,0.2885,0.2549,0.2546,0.241,0.2138,0.1795,0.193,0.2052,0.1932,0.1846,0.1771,0.1747,0.1552,0.1533,0.1563,0.2252,0.1978
Low ROSE,0.1207,0.1225,0.1233,0.1352,0.1728,0.2015,0.2396,0.231,0.2104,0.2154,0.25,0.2275,0.238,0.2403,0.2446,0.2284,0.2324,0.2296,0.1726,0.1559,0.1691,0.185,0.162,0.1628,0.1534,0.1519,0.1458,0.1437,0.145,0.1544,0.1842
Open SXP,3.684,3.63,3.687,3.706,3.854,3.822,2.708,2.765,2.871,2.707,2.768,2.82,2.604,2.693,2.891,2.754,2.631,2.648,2.497,2.169,2.019,2.305,2.378,2.178,2.118,2.094,2.069,1.996,2.066,2.183,2.372
High SXP,3.809,3.79,3.85,3.907,4.101,3.905,2.857,2.989,3.064,2.828,2.847,2.842,2.693,2.933,2.895,2.762,2.701,2.655,2.499,2.253,2.335,2.38,2.403,2.225,2.151,2.23,2.107,2.134,2.206,2.377,2.447
Low SXP,3.622,3.527,3.626,3.676,3.71,1.949,2.434,2.631,2.577,2.668,2.642,2.393,2.539,2.65,2.655,2.59,2.579,2.442,2.063,1.958,1.985,2.238,2.025,2.061,1.959,2.057,1.988,1.984,2.056,2.155,2.328
Open SNX,12.51,12.5,12.44,12.36,12.94,13.58,10.72,11.07,11.32,10.55,10.82,10.96,12.87,13.8,15.02,14.62,12.78,12.58,12.82,10.55,9.518,10.93,11.75,10.53,10.18,10.47,9.833,9.309,9.291,9.605,10.49
High SNX,13.0,12.92,12.9,13.12,13.92,14.3,11.32,11.58,11.85,11.06,11.43,12.94,13.98,15.37,15.84,14.95,13.6,13.34,12.88,11.05,10.97,12.18,11.79,10.69,10.75,11.16,10.06,9.896,9.762,10.5,10.8
Low SNX,12.13,12.12,12.25,12.22,12.49,9.498,9.883,10.77,10.23,10.48,10.57,10.07,12.2,13.06,13.85,12.45,12.36,12.02,10.08,9.257,9.329,10.65,9.786,9.988,9.265,9.798,9.262,9.147,9.248,9.528,10.3
Open COMP,477.68,462.42,467.03,471.19,511.27,509.27,411.14,409.46,411.4,391.54,397.68,403.64,384.95,447.19,442.91,422.08,400.06,401.35,393.21,336.22,311.98,347.65,374.27,341.12,331.29,355.19,338.27,319.63,306.56,318.04,326.7
High COMP,483.1,480.57,482.9,524.84,528.72,510.24,425.61,428.37,426.62,408.2,413.65,407.05,447.19,450.0,459.11,428.24,415.93,402.58,394.01,350.06,348.57,375.24,375.91,346.81,357.88,374.95,342.67,337.67,319.64,329.72,331.74
Low COMP,457.72,455.75,462.4,468.16,475.36,365.23,380.15,397.85,383.11,388.71,387.52,361.02,377.4,418.66,412.63,392.74,392.55,384.11,332.39,303.25,305.85,337.37,316.98,327.7,310.14,337.93,319.13,279.98,286.83,309.01,318.19
Open YFI,39997.93,38691.12,40443.6,41494.1,42924.31,42189.97,34577.01,34646.55,34293.46,32807.18,32965.13,33266.24,32767.89,35709.65,36533.75,34779.88,33242.48,33935.41,32974.77,29363.9,27287.93,30505.76,31302.16,29311.58,30277.13,30412.31,28647.04,28211.06,28575.98,29206.72,31682.73
High YFI,40304.73,40990.52,43534.41,43843.3,43542.03,42765.23,35896.07,35681.46,35433.04,33998.06,34316.84,33594.4,35709.65,37979.96,36767.95,35088.02,34415.62,33958.33,33067.79,30380.66,30601.05,31432.75,31365.29,30489.96,31002.08,31690.77,29962.74,29578.31,29572.05,31694.77,32073.66
Low YFI,38580.95,37751.22,39759.33,40510.57,41504.4,31069.06,32220.4,33489.85,32021.05,32545.71,32403.61,31127.48,32569.74,35185.88,34203.5,32793.25,32868.07,32509.21,28363.03,26536.03,26954.58,29984.83,27137.12,28571.91,27810.34,28630.31,28149.8,27959.91,28438.44,28855.72,30961.61
Open ONE,0.1226,0.1194,0.122,0.1245,0.1326,0.1302,0.1195,0.1421,0.1992,0.1717,0.1791,0.2164,0.1843,0.1721,0.1727,0.1635,0.1527,0.166,0.1566,0.128,0.1209,0.1368,0.1589,0.1508,0.1626,0.1782,0.1578,0.1461,0.144,0.1505,0.1596
High ONE,0.1257,0.1264,0.1309,0.1338,0.1342,0.1583,0.1555,0.205,0.2069,0.2087,0.2228,0.2289,0.1886,0.18,0.1792,0.1647,0.1766,0.1692,0.1571,0.1467,0.1398,0.1599,0.1592,0.1773,0.1825,0.1804,0.1629,0.1579,0.1545,0.162,0.172
Low ONE,0.1189,0.1166,0.1202,0.1244,0.124,0.0964,0.1168,0.1372,0.1598,0.166,0.175,0.174,0.1666,0.168,0.1571,0.1492,0.1491,0.1528,0.12,0.1176,0.1179,0.1296,0.1269,0.1483,0.1482,0.157,0.1445,0.14,0.1429,0.147,0.1542
Open IOTX,0.0744,0.07511,0.07454,0.08077,0.08339,0.07912,0.06149,0.06478,0.06609,0.06168,0.06223,0.06562,0.06088,0.06254,0.0663,0.0656,0.06397,0.06435,0.06218,0.05331,0.04952,0.05554,0.05704,0.05179,0.0669,0.0656,0.06014,0.05629,0.06112,0.06038,0.06396
High IOTX,0.0778,0.0799,0.08754,0.093,0.08379,0.07128,0.06758,0.07198,0.06339,0.06696,0.06678,0.06387,0.06542,0.07343,0.06932,0.06601,0.06545,0.06521,0.05541,0.05275,0.05613,0.05779,0.05393,0.07068,0.08102,0.06309,0.06044,0.06201,0.06339,0.06542,0.06436
Low IOTX,0.07325,0.07399,0.07261,0.08102,0.07598,0.05806,0.05942,0.06338,0.06021,0.06157,0.06365,0.06065,0.06226,0.06544,0.06353,0.06179,0.06267,0.06155,0.0507,0.04825,0.05468,0.05517,0.05108,0.05143,0.06499,0.0594,0.05618,0.05682,0.05932,0.05933,0.0623
Open UNI,31.36,29.94,28.66,28.58,29.37,28.84,24.28,23.13,23.3,22.32,22.72,23.71,22.67,25.65,27.47,26.25,24.29,24.54,23.89,20.8,18.99,21.64,21.49,19.67,19.48,24.12,22.41,23.09,23.01,23.53,25.65
High UNI,31.42,31.21,29.46,29.5,30.3,29.32,24.97,24.71,24.24,23.89,24.25,24.04,25.91,27.47,27.6,26.39,25.19,24.64,23.98,21.62,21.65,21.83,21.62,20.1,24.76,26.02,24.97,24.29,23.95,25.77,26.43
Low UNI,29.57,28.32,28.24,28.36,28.44,21.1,21.38,22.75,21.43,22.26,22.17,21.43,22.49,24.72,25.4,24.02,23.94,23.51,20.53,18.36,18.86,20.9,18.24,18.96,17.76,22.29,22.17,22.34,22.64,23.48,25.39
Open HT,15.72,15.32,15.29,15.37,16.33,17.25,14.34,14.51,14.72,13.9,14.19,14.67,14.18,14.56,14.82,14.49,14.37,14.47,14.16,11.77,11.38,12.49,12.47,9.543,8.993,7.085,7.351,7.47,7.927,8.152,8.76
High HT,15.78,15.59,15.48,16.41,17.92,15.48,14.57,14.73,14.47,14.29,14.78,14.4,14.92,14.89,15.21,14.48,14.7,14.32,12.86,11.69,12.53,12.95,12.5,9.648,9.004,7.935,8.211,7.979,8.328,8.814,8.848
Low HT,15.21,14.96,15.11,15.66,16.34,13.68,13.71,14.24,13.71,13.81,14.45,13.9,14.45,14.53,14.29,13.98,14.35,13.89,11.59,10.98,12.04,12.35,9.22,8.727,5.922,6.871,7.351,7.46,7.865,8.055,8.323
Open BTT,0.004411,0.0047,0.004833,0.004797,0.004921,0.004868,0.003999,0.004096,0.004065,0.003847,0.003904,0.004156,0.003915,0.004057,0.004125,0.004038,0.003908,0.003936,0.003866,0.003349,0.003146,0.0035,0.003516,0.003291,0.003253,0.003177,0.003126,0.002984,0.003022,0.003161,0.003372
High BTT,0.004801,0.005279,0.004919,0.004999,0.004992,0.004955,0.004139,0.004178,0.004171,0.003964,0.004323,0.004215,0.004205,0.004222,0.004197,0.004082,0.004002,0.003944,0.003866,0.003428,0.003516,0.003548,0.003529,0.003328,0.003255,0.003266,0.003152,0.0033,0.003169,0.003435,0.003377
Low BTT,0.004378,0.004544,0.004682,0.004697,0.004605,0.00363,0.003696,0.003983,0.003805,0.00384,0.003868,0.003797,0.003903,0.00401,0.003987,0.003891,0.003898,0.003812,0.003256,0.00313,0.003117,0.003426,0.003138,0.003201,0.003058,0.003126,0.002984,0.002959,0.003017,0.003161,0.003323
Open XLM,0.3536,0.3592,0.3689,0.3699,0.398,0.4238,0.3353,0.3298,0.3326,0.3168,0.325,0.3329,0.3187,0.3312,0.3411,0.3308,0.3193,0.3222,0.3135,0.2808,0.2659,0.2927,0.303,0.2813,0.2773,0.2764,0.2651,0.2566,0.2697,0.2788,0.3005
High XLM,0.3676,0.3779,0.3844,0.398,0.4315,0.4243,0.3431,0.3418,0.3592,0.3327,0.3384,0.3364,0.3312,0.3417,0.3422,0.3331,0.3278,0.3248,0.3146,0.2875,0.2931,0.3032,0.3057,0.2858,0.283,0.2833,0.2701,0.2791,0.2806,0.3006,0.3011
Low XLM,0.352,0.3519,0.3653,0.3684,0.3899,0.2796,0.3051,0.3246,0.3114,0.3154,0.3173,0.3105,0.3163,0.3272,0.3238,0.3151,0.3151,0.3105,0.271,0.2617,0.2609,0.2887,0.2699,0.2711,0.2615,0.265,0.2551,0.2552,0.2687,0.2756,0.2927
Open BSV,168.2,169.43,177.72,187.11,192.64,192.49,156.31,156.47,155.83,151.2,154.02,155.05,149.89,154.49,157.54,156.19,156.04,157.26,155.88,134.4,138.58,147.2,146.71,134.33,134.66,129.52,127.49,124.44,126.74,129.52,139.59
High BSV,170.17,179.42,189.75,197.71,202.76,171.68,157.48,163.72,153.49,155.46,157.21,152.14,157.93,159.18,158.63,158.64,159.96,157.58,142.86,148.67,150.34,151.65,143.03,137.01,141.87,128.33,127.03,127.69,133.77,143.67,148.52
Low BSV,166.17,171.22,173.87,188.29,191.54,150.22,150.98,155.46,148.46,149.91,153.76,148.14,153.17,154.56,154.76,154.48,156.63,153.57,128.13,126.85,145.76,145.1,130.13,132.87,124.03,122.34,122.6,121.92,128.95,136.21,137.89
Open THETA,7.111,7.026,7.253,7.514,8.197,9.224,6.991,6.807,6.982,6.451,6.445,6.586,6.131,6.46,6.869,6.66,6.312,6.366,6.098,5.135,5.001,5.573,5.707,5.185,5.102,5.102,4.922,4.688,4.827,5.05,5.987
High THETA,7.333,7.411,7.63,8.276,9.601,8.536,7.314,7.434,6.785,6.585,8.53,6.397,6.566,7.527,6.828,6.352,6.463,6.215,5.435,5.374,5.773,5.864,5.352,5.266,5.494,5.012,4.767,4.929,5.089,6.088,6.349
Low THETA,6.92,6.985,7.113,7.569,7.908,6.496,6.509,6.54,6.268,6.399,6.504,6.019,6.346,6.797,6.578,6.24,6.301,6.035,5.002,4.645,5.493,5.571,5.15,5.084,5.087,4.84,4.677,4.741,4.942,5.496,5.853
Open ICP,66.28,64.51,65.83,78.15,79.39,79.46,61.15,61.55,60.77,56.92,58.04,59.54,55.07,56.88,61.39,57.94,56.24,58.72,57.06,47.35,44.57,49.91,50.53,47.01,45.84,43.79,42.5,40.89,44.35,45.13,51.61
High ICP,67.96,67.28,78.6,86.07,88.42,71.17,64.41,64.3,60.24,61.11,61.71,58.58,59.62,62.26,61.04,57.66,61.16,58.76,57.26,50.0,51.61,52.02,51.42,47.66,45.95,46.74,43.84,45.78,45.62,52.7,51.94
Low ICP,64.41,65.13,65.57,78.3,79.15,56.09,57.45,59.29,55.3,55.96,58.11,52.87,56.08,58.12,57.6,55.05,55.51,56.22,45.44,42.1,44.3,48.91,42.37,44.06,39.55,42.3,40.67,40.58,43.42,44.8,49.43
Open PUNDIX,1.796,1.819,1.896,2.041,2.095,2.111,1.649,1.629,1.694,1.55,1.577,1.601,1.506,1.56,1.612,1.585,1.548,1.632,1.631,1.336,1.202,1.331,1.374,1.264,1.257,1.278,1.209,1.109,1.163,1.229,1.456
High PUNDIX,1.877,1.96,2.183,2.257,2.261,2.117,1.98,1.731,1.897,1.746,1.615,1.629,1.562,1.627,1.615,1.618,1.712,1.753,1.636,1.385,1.357,1.386,1.389,1.302,1.334,1.308,1.224,1.221,1.339,1.595,1.47
Low PUNDIX,1.792,1.758,1.878,1.968,2.008,1.397,1.447,1.601,1.508,1.516,1.531,1.44,1.485,1.525,1.548,1.532,1.544,1.619,1.307,1.179,1.184,1.285,1.171,1.203,1.169,1.209,1.109,0.935,1.159,1.212,1.395
